0	1
0.02	0.678109660337224
0.04	0.203921696516067
0.06	0.025188341776744
0.08	0.00115021893120792
0.1	1.70114034432038e-05
0.12	6.96390924072437e-08
0.14	6.59871851866474e-11
0.16	1.18858949949257e-14
0.18	3.29435295172983e-19
0.2	1.12681726375768e-24
0.22	1.51598756132224e-30
0.24	9.97200832648692e-31
0.26	8.44779971939029e-31
0.28	3.62289320722379e-31
0.3	2.50162082623756e-31
0.32	1.71805338470545e-30
0.34	1.31401830374878e-31
0.36	1.67184458486003e-32
0.38	1.5616841927493e-31
0.4	6.45465382427189e-31
0.42	1.26395309993614e-32
0.44	1.1564884709842e-31
0.46	1.70518182434012e-32
0.48	1.34108131764854e-33
0.5	6.65406625797606e-33
0.52	4.5344827588174e-33
0.54	6.04817086702295e-33
0.56	4.95254037807543e-34
0.58	2.1193908463563e-32
0.6	2.66873179944504e-32
0.62	4.8229066128494e-32
0.64	1.82510612954362e-32
0.66	1.057511905483e-32
0.68	1.84186312714365e-33
0.7	1.86126558431204e-32
0.72	2.04804283007138e-33
0.74	1.37852340846525e-32
0.76	6.84333009211658e-33
0.78	3.72282338569064e-33
0.8	9.21234108195959e-32
0.82	1.13780983187608e-31
0.84	2.78143563453638e-32
0.86	8.30313575896987e-33
0.88	6.82075769958317e-32
0.9	7.14223412729907e-32
0.92	8.56066261152307e-31
0.94	2.5207832553921e-30
0.96	5.2875374734243e-30
0.98	6.11000797662301e-30
1	2.62485264964853e-30
1.02	1.10045121982717e-30
1.04	2.57031669883347e-31
1.06	6.12957289585519e-32
1.08	1.34120363403297e-31
1.1	6.3561483484699e-32
1.12	9.20401550417887e-32
1.14	3.59704106235608e-32
1.16	1.64934488770534e-32
1.18	1.10586570919571e-32
1.2	7.4194891852402e-33
1.22	1.66493783121031e-32
1.24	1.65982943887802e-32
1.26	1.5050834529658e-33
1.28	3.08099427220335e-32
1.3	9.02875699164741e-32
1.32	2.91388098056122e-32
1.34	3.2018903297809e-33
1.36	8.05370048776147e-32
1.38	3.336665965362e-32
1.4	1.26998591284176e-30
1.42	4.57911829032506e-31
1.44	2.15929054479388e-31
1.46	1.25403089213101e-31
1.48	1.21952914642646e-31
1.5	2.15580754975062e-32
1.52	6.6926099130484e-33
1.54	9.7345607516257e-33
1.56	1.52902738457917e-32
1.58	2.09457069971726e-31
1.6	1.12026901721078e-31
1.62	2.43784205435869e-32
1.64	1.14337126312696e-30
1.66	1.03992241294193e-30
1.68	2.66175128192451e-31
1.7	2.26858348891812e-31
1.72	2.32176409382543e-31
1.74	2.47588080225415e-32
1.76	4.20967359423759e-32
1.78	1.69714060905769e-32
1.8	1.56106724662105e-31
1.82	9.04250147431951e-32
1.84	1.81828404648974e-32
1.86	7.28263536168327e-32
1.88	1.98985705837546e-31
1.9	2.89264404150744e-31
1.92	6.36168231360198e-31
1.94	1.74599360515666e-30
1.96	2.3358221885926e-30
1.98	1.42638997574421e-30
2	8.25006390010373e-31
2.02	3.87151792823294e-31
2.04	1.18401063443531e-31
2.06	1.34425002824409e-31
2.08	5.61282081396649e-32
2.1	4.05508844852467e-32
2.12	3.26645092592763e-33
2.14	4.05621395278723e-32
2.16	1.66796420859704e-31
2.18	2.09678876523845e-31
2.2	3.17842443086231e-32
2.22	2.42915214863858e-31
2.24	8.11691395783173e-32
2.26	2.75372371517829e-33
2.28	1.85272551904277e-31
2.3	4.45767619371914e-32
2.32	2.68756697750358e-32
2.34	1.43692274935424e-31
2.36	4.93850484044053e-33
2.38	1.54782304628982e-31
2.4	4.63899814931043e-32
2.42	3.40304729769474e-32
2.44	2.30001371627063e-32
2.46	1.96503016882759e-32
2.48	1.90700728865465e-31
2.5	3.58047889959719e-32
2.52	9.82641217053563e-32
2.54	6.29249790701996e-32
2.56	6.04786140213582e-32
2.58	3.8200062782212e-31
2.6	5.56039751224256e-31
2.62	7.90637765761077e-30
2.64	4.59096471931535e-31
2.66	7.37802134471815e-31
2.68	9.35569165589278e-31
2.7	2.54938242358297e-31
2.72	4.27621532634412e-28
2.74	2.87212177365598e-20
2.76	1.63212034642957e-14
2.78	2.7831228382188e-10
2.8	3.3810977236404e-07
2.82	5.57286596088732e-05
2.84	0.00199348709032614
2.86	0.0216974558373206
2.88	0.0913766307533538
2.9	0.176111078882012
2.92	0.173785155568099
2.94	0.0939044015702809
2.96	0.0285821053615449
2.98	0.00486537941306876
3	0.000443999079701603
3.02	1.99717925563037e-05
3.04	3.82109841916966e-07
3.06	2.40268011852296e-09
3.08	3.1649291271067e-12
3.1	4.02027941586151e-16
3.12	1.32095661495559e-21
3.14	3.07914947710168e-29
3.16	1.05911262214515e-29
3.18	2.3213768763871e-30
3.2	6.10905129543176e-30
3.22	7.42728450019821e-30
3.24	1.56115527299926e-31
3.26	2.52441495670749e-30
3.28	1.22634917483324e-30
3.3	3.08609015958651e-30
3.32	4.43087363100024e-31
3.34	7.80806348748653e-31
3.36	2.07844604353268e-31
3.38	5.19347175804413e-31
3.4	1.04163193007703e-31
3.42	2.02395030221214e-30
3.44	2.41991852879677e-30
3.46	1.14154076295086e-31
3.48	1.0265783616204e-31
3.5	1.28604317242796e-31
3.52	8.29547594666819e-33
3.54	9.52601020486427e-31
3.56	1.53180891665357e-30
3.58	1.20779119830299e-30
3.6	3.11912217928991e-31
3.62	5.17581784958054e-32
3.64	5.14288847358227e-32
3.66	3.38758673946158e-32
3.68	3.36083039151226e-32
3.7	7.66983649055387e-32
3.72	9.40521010995398e-32
3.74	1.12353463792687e-32
3.76	3.76071151918958e-32
3.78	1.88308753453964e-32
3.8	8.78333287474807e-32
3.82	1.05567972644203e-31
3.84	3.78541820299281e-31
3.86	4.69751607487654e-31
3.88	2.03008386297977e-31
3.9	2.11502359445158e-30
3.92	1.18153717403284e-30
3.94	1.13598477822279e-30
3.96	5.40139504408e-30
3.98	1.64712722843482e-29
4	1.88046416968161e-29
4.02	6.80315077671836e-30
4.04	3.09024653756247e-31
4.06	7.1424898062839e-31
4.08	1.32780320688112e-30
4.1	1.53454405565794e-30
4.12	1.11547891398603e-30
4.14	9.72640335998933e-31
4.16	4.78213723551787e-31
4.18	8.71252336725212e-32
4.2	3.14460291046235e-32
4.22	2.71545465738865e-32
4.24	2.79767527183587e-31
4.26	3.42205666581014e-31
4.28	5.96085463233728e-32
4.3	1.33256909572574e-31
4.32	6.78764371803913e-31
4.34	7.71183371278236e-30
4.36	1.9331071388024e-30
4.38	6.47181301312468e-31
4.4	4.23867190749156e-31
4.42	1.92086881933168e-30
4.44	7.04536361408638e-31
4.46	2.93583446861234e-32
4.48	2.70920405073923e-31
4.5	3.95236688115249e-34
4.52	4.92707629134767e-32
4.54	1.07974450872999e-31
4.56	2.51904082497423e-32
4.58	3.32380900484263e-31
4.6	1.18721228469861e-30
4.62	8.75511608905766e-31
4.64	3.77032854376694e-30
4.66	1.90119580940122e-31
4.68	7.2507346806091e-31
4.7	8.02156748571394e-32
4.72	1.75762892340305e-31
4.74	2.54764358713033e-31
4.76	1.75266358027259e-32
4.78	3.77084899880895e-31
4.8	9.25825644919417e-32
4.82	1.61473377871666e-31
4.84	3.40986184314769e-31
4.86	1.39588258422897e-31
4.88	1.8982151740147e-31
4.9	4.77716025827733e-31
4.92	2.97931709466505e-32
4.94	1.4933745633467e-31
4.96	6.13021181262721e-31
4.98	2.07957467725338e-30
5	4.23804010500144e-30
5.02	3.95249799567931e-30
5.04	1.29636021215676e-30
5.06	3.78739033647432e-31
5.08	4.79774501691961e-31
5.1	5.85957431217463e-31
5.12	8.17161561537723e-31
5.14	9.64511744773865e-32
5.16	5.35663481388477e-32
5.18	3.16162203793711e-31
5.2	4.98738072425618e-32
5.22	2.06950579224104e-32
5.24	2.27687993344902e-31
5.26	3.36433590292167e-31
5.28	5.23931744855081e-32
5.3	1.91119888973229e-31
5.32	1.50507737957309e-31
5.34	3.29024357783365e-31
5.36	2.4985718724377e-31
5.38	1.155633140318e-33
5.4	8.09994636907108e-32
5.42	4.11136885305713e-33
5.44	8.59887477965296e-33
5.46	5.29267046130544e-32
5.48	1.99105828441948e-32
5.5	1.43783314116372e-31
5.52	1.91956261668666e-30
5.54	5.54163565068103e-31
5.56	1.10018947117984e-30
5.58	7.11440432408012e-31
5.6	8.19899693645231e-32
5.62	3.02644116868454e-30
5.64	7.23178698844815e-30
5.66	6.92674099395789e-31
5.68	2.64450435680325e-30
5.7	1.83415901154704e-31
5.72	2.40515807242815e-27
5.74	1.67815321958021e-20
5.76	9.62886313626816e-16
5.78	2.02891478750762e-12
5.8	4.34325600929589e-10
5.82	1.87830019602487e-08
5.84	2.60353553032582e-07
5.86	1.58397070141332e-06
5.88	5.3070195868912e-06
5.9	1.18739563918491e-05
5.92	2.28040584584163e-05
5.94	4.26893176539871e-05
5.96	4.68615850562747e-05
5.98	2.07132917665744e-05
6	3.35110006388965e-06
6.02	1.82856542577939e-07
6.04	2.77833039919184e-09
6.06	2.98244910076575e-11
6.08	1.03614876320697e-12
6.1	1.81307281916304e-14
6.12	8.43684426492327e-17
6.14	2.40162980401689e-20
6.16	4.07317394997035e-26
6.18	5.35006798345326e-31
6.2	5.00268112145039e-31
6.22	2.66047623686562e-30
6.24	7.19591001688386e-33
6.26	1.22945057674345e-30
6.28	6.31028409722875e-31
6.3	2.35832945499462e-31
6.32	2.19964087113756e-30
6.34	7.12846009304262e-31
6.36	8.06806663358659e-31
6.38	1.4526709455142e-30
6.4	4.70253950004476e-30
6.42	2.75902633460353e-32
6.44	9.43460498692553e-31
6.46	1.94215273228676e-30
6.48	1.66545354508959e-31
6.5	1.10125193464011e-31
6.52	2.94620797980159e-31
6.54	2.37956811750512e-31
6.56	9.18875251025189e-30
6.58	7.42573007591679e-31
6.6	1.49049245168435e-30
6.62	9.801791622869e-31
6.64	1.19613752236137e-30
6.66	4.06905781262256e-31
6.68	1.46220644494844e-31
6.7	2.33836861182654e-30
6.72	8.79731477209135e-32
6.74	1.96106372420445e-30
6.76	1.5690845974669e-31
6.78	1.27192534854664e-30
6.8	3.35649229805197e-31
6.82	2.60168725473933e-33
6.84	1.44097748436482e-32
6.86	1.05006831619992e-31
6.88	7.75816821287346e-31
6.9	8.07610823385346e-31
6.92	7.40761328843853e-31
6.94	1.68573972322767e-30
6.96	1.9753394734871e-30
6.98	2.79648746022836e-31
7	3.78883490886822e-30
7.02	7.40285483884998e-30
7.04	3.80267079112419e-30
7.06	1.38195432987912e-30
7.08	2.39152814555106e-30
7.1	3.50682978858856e-32
7.12	5.04619656408226e-31
7.14	5.7694870571891e-32
7.16	4.74943209967743e-31
7.18	2.0470549990439e-31
7.2	1.30053550701658e-31
7.22	3.58124400235847e-31
7.24	5.77824072672234e-29
7.26	1.22689006026236e-28
7.28	4.27718444087253e-30
7.3	1.03824417496785e-29
7.32	7.4858891273463e-30
7.34	4.40555539298373e-30
7.36	3.67549370276851e-30
7.38	1.54853397501547e-30
7.4	4.54383073691252e-31
7.42	3.41915753583406e-31
7.44	2.38390408417662e-30
7.46	2.91992092781809e-31
7.48	3.23302286079226e-31
7.5	2.15747319037686e-32
7.52	6.39052166463398e-32
7.54	1.5824203042586e-31
7.56	8.50895071377179e-33
7.58	3.51848702200361e-31
7.6	9.79602295511196e-31
7.62	3.57426400136353e-30
7.64	2.23501904737792e-31
7.66	8.63220641528586e-31
7.68	7.64564964194777e-32
7.7	2.03656736214122e-31
7.72	1.22893614100189e-30
7.74	6.96038569105842e-31
7.76	2.479803013324e-31
7.78	4.37755899072146e-31
7.8	2.35220352676879e-31
7.82	4.92836522071385e-31
7.84	8.69174071431365e-31
7.86	8.63428849216588e-31
7.88	1.04269698707819e-31
7.9	5.586270480371e-32
7.92	1.55112288616429e-30
7.94	2.77054421062762e-30
7.96	9.97632040436486e-32
7.98	1.81132459704677e-30
8	2.50687300884261e-30
8.02	2.66845879530205e-30
8.04	3.65593718695192e-30
8.06	1.78215198459788e-30
8.08	3.71931895607859e-31
8.1	3.20304192310967e-32
8.12	3.0848206162574e-32
8.14	4.5083549915636e-31
8.16	3.14202490992647e-31
8.18	3.33007307008219e-31
8.2	6.54792595385692e-33
8.22	4.00530141672046e-32
8.24	6.24117674220878e-31
8.26	2.77467947838918e-31
8.28	1.70918975334563e-31
8.3	1.40668853627345e-31
8.32	1.77497877083763e-31
8.34	3.95304073547267e-31
8.36	1.38205574988309e-31
8.38	3.9770283064436e-32
8.4	1.33539194143575e-30
8.42	3.64773722475075e-31
8.44	2.96932480359319e-31
8.46	5.60473256117994e-31
8.48	3.02970572960608e-31
8.5	3.37974892235969e-31
8.52	5.05201724588233e-31
8.54	2.06789368370207e-30
8.56	2.54595745176509e-30
8.58	2.41315100765489e-30
8.6	2.33101021344698e-30
8.62	2.32463212288637e-30
8.64	2.06754882697293e-32
8.66	2.45353244584606e-31
8.68	4.8544746220256e-31
8.7	3.15084722650673e-31
8.72	4.01447157332477e-30
8.74	7.7239486895725e-24
8.76	7.37737602852496e-19
8.78	1.42953357775262e-15
8.8	2.04326401367173e-13
8.82	4.8750878428564e-12
8.84	3.25295823858188e-11
8.86	8.39469376903837e-11
8.88	1.02541766060371e-10
8.9	1.03502640279258e-10
8.92	6.81508809741224e-10
8.94	1.95078877074387e-08
8.96	2.60305180102591e-07
8.98	1.28840258285406e-06
9	1.86791283499226e-06
9.02	6.23215267108723e-07
9.04	3.78323944937617e-08
9.06	1.68265247958078e-10
9.08	2.51012891230756e-12
9.1	9.03657190589882e-15
9.12	1.41526809976744e-16
9.14	1.84482548328812e-19
9.16	1.37715475514459e-23
9.18	1.92662902059993e-30
9.2	2.02637482144445e-31
9.22	4.80923811350583e-31
9.24	9.78184174988417e-31
9.26	5.47740000768237e-31
9.28	6.91335369095436e-31
9.3	3.40178345277958e-30
9.32	7.21967363981598e-31
9.34	7.12641375495074e-31
9.36	7.61283628066241e-31
9.38	1.03540033750406e-30
9.4	3.7568243445746e-30
9.42	2.10363843487387e-30
9.44	1.07083865663926e-30
9.46	1.74029276817169e-31
9.48	4.22116132693804e-31
9.5	3.90271915812563e-32
9.52	8.30904695751303e-31
9.54	2.57199627454641e-30
9.56	5.90120181586363e-31
9.58	7.73902619878558e-31
9.6	1.68568836452627e-30
9.62	8.44583419195542e-30
9.64	3.88868895253923e-30
9.66	5.59699718266277e-31
9.68	1.63316218169831e-30
9.7	1.92532577621391e-31
9.72	2.55693482288765e-30
9.74	2.43858731460583e-30
9.76	3.01475025723148e-30
9.78	1.08021915488681e-30
9.8	7.69562432241825e-30
9.82	9.15242088135807e-30
9.84	1.90417777336117e-30
9.86	2.91003700324419e-30
9.88	2.44052152838081e-30
9.9	2.77096573011895e-31
9.92	1.00260986755918e-30
9.94	6.80753820581519e-30
9.96	8.39071680864787e-30
9.98	4.0990794241243e-30
10	2.23844837481194e-30
10.02	3.52592208507387e-30
10.04	6.34680718316447e-30
10.06	1.38711978043114e-29
10.08	3.24217431709432e-29
10.1	1.90732006847542e-29
10.12	4.89952832706545e-31
10.14	1.11288922296347e-25
10.16	4.01946623259644e-21
10.18	3.9531717662296e-17
10.2	1.48524181829276e-14
10.22	9.94376950131177e-15
10.24	1.61917127976928e-20
10.26	5.53259474122057e-28
10.28	1.49493741224129e-30
10.3	1.77944730526486e-30
10.32	3.37548284851929e-30
10.34	6.39599770421639e-30
10.36	9.46148127161921e-30
10.38	9.6625121263779e-31
10.4	3.25757604735975e-30
10.42	2.13778292881537e-31
10.44	7.70263580805113e-30
10.46	6.13026881002596e-31
10.48	3.24794449816529e-31
10.5	9.61433497329008e-31
10.52	1.25825855770257e-31
10.54	1.73343436871694e-30
10.56	1.12604066196243e-30
10.58	7.53572387570407e-31
10.6	2.23386954408126e-30
10.62	1.85240950158348e-30
10.64	7.30105845599311e-31
10.66	6.52526975458076e-31
10.68	1.0037179668555e-30
10.7	1.12325440841484e-30
10.72	1.20153994006109e-30
10.74	7.48262708856626e-31
10.76	1.42275036787099e-30
10.78	6.76366696672873e-30
10.8	8.43022676096966e-31
10.82	1.37840699827462e-31
10.84	2.97641428488056e-30
10.86	2.39348940136925e-30
10.88	3.45629023374758e-31
10.9	7.33474157056132e-31
10.92	7.09784458415313e-31
10.94	1.91957023239754e-30
10.96	1.34854540768454e-30
10.98	2.7921160800521e-31
11	3.54654596783985e-31
11.02	1.41379185517675e-31
11.04	1.35831916339426e-31
11.06	9.00463968515069e-31
11.08	2.55868574829781e-30
11.1	2.50740167535363e-30
11.12	4.14033323686313e-31
11.14	9.14382109488679e-32
11.16	9.10147326384402e-32
11.18	5.66249521101961e-32
11.2	5.81932578170481e-31
11.22	2.78466885529501e-33
11.24	1.26455407789915e-30
11.26	3.74525329845236e-30
11.28	2.96308996910679e-30
11.3	4.34851370883006e-31
11.32	8.01278533077741e-32
11.34	1.70929054430496e-30
11.36	2.09667259496204e-30
11.38	4.43642420284149e-31
11.4	4.83353329428975e-31
11.42	1.63830750036645e-30
11.44	1.79928368989715e-31
11.46	1.98467778168298e-31
11.48	7.03965261305411e-31
11.5	9.53855040952775e-32
11.52	6.61865104286717e-33
11.54	1.30865602673652e-31
11.56	2.19094316439155e-30
11.58	3.26002682725911e-30
11.6	4.81544630178215e-30
11.62	2.71431117935947e-30
11.64	3.1245340804397e-30
11.66	4.544796807799e-30
11.68	5.77414425048671e-31
11.7	1.87853783871111e-30
11.72	1.53017090903343e-30
11.74	5.78606452127304e-26
11.76	1.05263718589844e-20
11.78	2.51391570171967e-17
11.8	3.49593998475685e-15
11.82	6.97737525491472e-14
11.84	3.48349678526137e-13
11.86	6.02579561778402e-13
11.88	4.30101341680097e-13
11.9	2.7308769346009e-14
11.92	6.23896223951836e-11
11.94	6.37347310816232e-09
11.96	3.07758368199216e-07
11.98	6.64488360702308e-06
12	6.01970000721093e-05
12.02	0.000213482889088709
12.04	0.000245322862987984
12.06	6.61191843642658e-05
12.08	2.36587574226041e-06
12.1	2.70426033088772e-09
12.12	3.20617858573142e-11
12.14	1.10224097725657e-14
12.16	2.69264261160039e-20
12.18	4.34499694418382e-29
12.2	7.80266231693036e-31
12.22	2.81856369246464e-31
12.24	1.71271692496016e-31
12.26	4.81079481283474e-31
12.28	6.65496769413845e-31
12.3	3.58451074245227e-31
12.32	5.10233623284598e-30
12.34	8.82617648530032e-31
12.36	2.72066620883981e-30
12.38	1.81565602495748e-30
12.4	4.45071473143517e-31
12.42	1.10907303825875e-29
12.44	1.99268262723845e-31
12.46	5.1156532830789e-31
12.48	4.75472123843312e-30
12.5	2.76813999451374e-30
12.52	1.57607549996377e-30
12.54	4.97903861020764e-30
12.56	1.4763979662259e-30
12.58	4.49984129142795e-30
12.6	1.92526668131914e-31
12.62	1.55493852657833e-30
12.64	1.2680853897302e-30
12.66	4.01799448959366e-30
12.68	6.33746654579818e-30
12.7	5.01631167239502e-30
12.72	1.20422010632134e-29
12.74	4.21529512215414e-25
12.76	1.76581455472835e-22
12.78	1.17654404855202e-21
12.8	6.87374917733021e-22
12.82	1.10996834526718e-22
12.84	1.15486391552512e-23
12.86	1.46530088689216e-24
12.88	3.31671700328939e-25
12.9	1.55836472533561e-25
12.92	1.33373289297559e-25
12.94	1.79549661873126e-25
12.96	3.703264476716e-25
12.98	1.06882122585088e-24
13	4.52408132690167e-24
13.02	3.1169773814696e-23
13.04	4.04804159503825e-22
13.06	1.17334086362549e-20
13.08	8.56073953728166e-19
13.1	1.54060944781932e-16
13.12	5.19737154517082e-14
13.14	1.73877928911689e-11
13.16	1.93918667697652e-09
13.18	1.37444616664275e-08
13.2	4.85357247462118e-10
13.22	4.03917358588452e-16
13.24	7.00328723376397e-24
13.26	7.02298766020986e-30
13.28	5.02690005050229e-31
13.3	6.10042698485878e-31
13.32	1.86188131097379e-31
13.34	8.15525156402269e-31
13.36	3.36028529218106e-30
13.38	2.78113481061984e-31
13.4	4.13044286228943e-31
13.42	4.90115775290565e-30
13.44	1.45375137891998e-30
13.46	1.23358971169598e-30
13.48	1.41121225460234e-31
13.5	1.90774960357777e-31
13.52	1.43996782601246e-31
13.54	6.66106399118278e-31
13.56	9.27939051713193e-30
13.58	1.19409239222747e-30
13.6	2.19911406414482e-31
13.62	5.47917903863219e-30
13.64	1.66215422766597e-30
13.66	6.62246073860852e-30
13.68	5.22354109609258e-30
13.7	4.56912329105586e-30
13.72	4.50734553268026e-31
13.74	3.77508028813524e-31
13.76	1.66515111071188e-30
13.78	1.63494224164338e-30
13.8	1.30159782314027e-30
13.82	1.42933367579154e-30
13.84	9.43269550253653e-31
13.86	6.50950998014049e-32
13.88	1.31749039267064e-30
13.9	2.64771826278858e-30
13.92	1.12782036346553e-30
13.94	2.01698693358917e-31
13.96	9.44559551882251e-31
13.98	3.61591069832281e-31
14	1.21134966067246e-30
14.02	3.21210640043118e-31
14.04	1.73467862946493e-31
14.06	1.16845706234377e-31
14.08	1.99565583578123e-30
14.1	3.01963705135461e-30
14.12	1.55730024723342e-30
14.14	1.3446557966563e-31
14.16	1.07976455173655e-31
14.18	1.29149377722579e-31
14.2	3.85438948988237e-31
14.22	3.48519341388141e-31
14.24	4.05338590840656e-31
14.26	7.34292500071896e-30
14.28	5.336733472829e-30
14.3	2.06303457843644e-30
14.32	2.11532413591063e-30
14.34	2.95278629936473e-30
14.36	9.4693168348021e-30
14.38	1.4486528570692e-30
14.4	1.71241413272151e-30
14.42	4.04192908982987e-31
14.44	1.48462030354173e-30
14.46	4.91750271965782e-31
14.48	4.85967816583156e-31
14.5	2.1735103400093e-31
14.52	2.21220758027583e-30
14.54	1.03220735963232e-29
14.56	7.74354576322898e-31
14.58	6.52814724990435e-31
14.6	6.92371916365897e-31
14.62	7.8647021122433e-31
14.64	4.61395860471974e-30
14.66	3.35470543655015e-30
14.68	5.2672404112764e-31
14.7	2.57572487185338e-30
14.72	2.24929833230604e-29
14.74	4.50632033790005e-27
14.76	1.00322121598191e-21
14.78	2.71691019698687e-18
14.8	3.84936035637092e-16
14.82	7.32524532653972e-15
14.84	3.33123735179969e-14
14.86	3.0539558201309e-14
14.88	6.35370972630241e-12
14.9	3.07948761194253e-09
14.92	4.00235773613213e-07
14.94	1.84197108417435e-05
14.96	0.000355461594017122
14.98	0.00327240935841524
15	0.0158711826861663
15.02	0.0431941563542639
15.04	0.0666423625143095
15.06	0.0530856010424069
15.08	0.0166348935842657
15.1	0.0012923639308058
15.12	1.56703584411223e-05
15.14	1.13033248066674e-08
15.16	4.73098710891128e-14
15.18	6.61689632383625e-23
15.2	6.169224139177e-31
15.22	1.92422344146912e-30
15.24	1.86828995190266e-31
15.26	9.42904944390086e-30
15.28	9.83041593941098e-31
15.3	2.75994625478656e-30
15.32	2.16169314658393e-29
15.34	5.87027368542145e-30
15.36	2.96866647510954e-30
15.38	9.36640247498042e-31
15.4	7.85979791628341e-30
15.42	7.6678988432592e-30
15.44	2.20828908468544e-32
15.46	1.17058030264621e-30
15.48	3.7145113562785e-30
15.5	6.35915636241946e-30
15.52	5.0012748411265e-30
15.54	4.75325205978507e-30
15.56	1.68571881588345e-30
15.58	4.14262909612454e-31
15.6	1.69854788126309e-31
15.62	9.09907384786865e-30
15.64	7.52700446499302e-30
15.66	8.38611912618644e-31
15.68	1.88563486556964e-30
15.7	3.2734083115204e-30
15.72	2.4098186827103e-25
15.74	1.84481184772154e-19
15.76	1.6230712635408e-15
15.78	4.66467398354351e-13
15.8	5.2258500316351e-12
15.82	5.62112426813936e-12
15.84	1.56760327767456e-12
15.86	2.47425710026019e-13
15.88	4.00890669190566e-14
15.9	9.79877873736815e-15
15.92	4.16445275098438e-15
15.94	2.99093749207054e-15
15.96	3.34853063811244e-15
15.98	5.50954615960882e-15
16	1.31940970578101e-14
16.02	4.7968841607435e-14
16.04	2.87101773862039e-13
16.06	3.08868478600969e-12
16.08	6.18426859770653e-11
16.1	2.05924578473287e-09
16.12	7.76883663953101e-08
16.14	1.49760957833592e-06
16.16	3.69454857793716e-06
16.18	1.02164758458293e-07
16.2	7.87038748364543e-13
16.22	3.05445263400525e-20
16.24	8.07986460086708e-26
16.26	5.6033367628506e-30
16.28	1.92304817615275e-30
16.3	1.07361797455725e-30
16.32	3.7641725727667e-30
16.34	1.01752420789079e-29
16.36	5.50329529862566e-30
16.38	6.91742100212918e-30
16.4	4.24607325543499e-30
16.42	1.25340861293122e-30
16.44	2.34131171413558e-31
16.46	4.61125084215272e-31
16.48	8.05659446225343e-32
16.5	8.89284556037992e-32
16.52	1.8704395926328e-30
16.54	2.02434606245776e-30
16.56	4.74972762548287e-31
16.58	2.00661409636108e-30
16.6	2.32914277633965e-30
16.62	4.17156454330993e-31
16.64	3.01784351601276e-30
16.66	6.36286037644901e-31
16.68	1.03978749267693e-30
16.7	1.09503507697608e-30
16.72	4.64123718665272e-31
16.74	9.24323243376286e-32
16.76	2.59756383691697e-30
16.78	4.08476727277017e-31
16.8	1.33292832684773e-30
16.82	5.56031194587002e-31
16.84	1.14745467507731e-30
16.86	4.16719750088855e-30
16.88	2.69276443804245e-30
16.9	5.66079550703016e-31
16.92	1.08881031991668e-30
16.94	3.58066199433857e-30
16.96	4.05910293291802e-30
16.98	4.79554619206358e-30
17	2.01670795442728e-30
17.02	7.73520905406728e-31
17.04	4.34255312771358e-31
17.06	1.25690458471713e-31
17.08	6.13653224001435e-31
17.1	6.11630180433117e-31
17.12	1.21987652696989e-30
17.14	1.10551072773886e-31
17.16	4.40834315247161e-32
17.18	1.48270966340633e-31
17.2	4.04740246814702e-31
17.22	1.45076418430686e-30
17.24	3.45361548656579e-30
17.26	7.32884602629357e-30
17.28	8.25519172601135e-30
17.3	5.57875455696399e-30
17.32	2.64368406364723e-30
17.34	1.12293197566595e-30
17.36	4.47984074987335e-30
17.38	1.1419064484352e-30
17.4	5.4989802238359e-30
17.42	5.84013597166753e-31
17.44	6.80747196349734e-30
17.46	1.98158192110273e-30
17.48	1.08341392471755e-31
17.5	8.04316450630143e-31
17.52	5.31775547828909e-31
17.54	1.56493395624905e-30
17.56	4.53291284683904e-30
17.58	9.16367476200925e-30
17.6	1.78877514667221e-30
17.62	5.29507671994219e-30
17.64	1.57561965995757e-30
17.66	7.41185018120631e-30
17.68	2.63335052632694e-30
17.7	1.12690763755105e-29
17.72	8.16050982336268e-30
17.74	6.32186681525944e-28
17.76	2.17695726556737e-22
17.78	6.21939015807295e-19
17.8	8.91018521325698e-17
17.82	1.67394152632696e-15
17.84	7.5270281366307e-14
17.86	3.7926046858487e-10
17.88	6.25915792894969e-07
17.9	0.000127323460125948
17.92	0.00474596304567572
17.94	0.0520875146597654
17.96	0.224686602062272
17.98	0.466671076978599
18	0.560799666449913
18.02	0.477136738089919
18.04	0.338649898076564
18.06	0.198362154003947
18.08	0.0761428039516171
18.1	0.0108859000397464
18.12	0.000223699958236671
18.14	2.96778633192339e-06
18.16	4.01200167275158e-10
18.18	2.18417099233516e-17
18.2	7.55529052544734e-29
18.22	5.36342423361264e-31
18.24	4.33831891729945e-30
18.26	2.92516339862681e-30
18.28	6.78093560799496e-30
18.3	3.63482304720452e-30
18.32	1.16012351087782e-29
18.34	6.10725377737384e-31
18.36	4.74139310024231e-30
18.38	8.78057209036098e-31
18.4	3.89643786398683e-30
18.42	3.92331763827325e-31
18.44	3.37061290480016e-31
18.46	1.20318348846835e-30
18.48	9.269407128706e-32
18.5	1.06539828942205e-30
18.52	1.20027768576845e-30
18.54	1.85840013219926e-30
18.56	8.10246148299941e-30
18.58	4.22561130760359e-30
18.6	1.53135295981787e-29
18.62	4.99626706976915e-30
18.64	2.12981658701795e-30
18.66	3.85561714558398e-30
18.68	1.4250481740855e-30
18.7	1.12968327546678e-29
18.72	1.9183931848719e-28
18.74	9.73032440533773e-21
18.76	3.5862865412508e-14
18.78	1.95057973482502e-10
18.8	2.57668491813177e-08
18.82	1.57861307864711e-07
18.84	1.29203487970207e-07
18.86	3.56021309882726e-08
18.88	6.61836416146303e-09
18.9	1.37404390187187e-09
18.92	4.25256230635438e-10
18.94	2.12859809698057e-10
18.96	1.66652662175876e-10
18.98	1.93484716864803e-10
19	3.24710265983712e-10
19.02	7.98547250774855e-10
19.04	3.00255959246637e-09
19.06	1.79581419150177e-08
19.08	1.66897639255115e-07
19.1	2.01005189940923e-06
19.12	1.96652826207718e-05
19.14	6.3337234169541e-05
19.16	1.43351405549111e-05
19.18	1.55469109628613e-08
19.2	6.45915367009461e-15
19.22	2.95745346881988e-22
19.24	7.35201050934574e-27
19.26	7.66284310732366e-30
19.28	2.17799543633537e-30
19.3	1.41250578873562e-30
19.32	2.33428173961856e-30
19.34	4.76092407966773e-31
19.36	1.91899340000982e-31
19.38	1.18721755935009e-29
19.4	4.98401117326653e-31
19.42	1.68375538545659e-29
19.44	3.80324087721269e-31
19.46	5.30942233271124e-31
19.48	3.28998495140578e-30
19.5	3.73814458949747e-30
19.52	1.10824333040733e-30
19.54	5.12298890320122e-30
19.56	2.52591340815448e-30
19.58	4.29825053852375e-30
19.6	1.67878590968994e-30
19.62	2.64427514427764e-30
19.64	4.05373920549009e-30
19.66	5.53712518117733e-30
19.68	1.19981627113838e-29
19.7	3.30728832703221e-30
19.72	2.00964402067257e-30
19.74	1.92325625107957e-30
19.76	3.13228364948995e-30
19.78	4.11618834387296e-31
19.8	3.09855851862287e-29
19.82	1.21979311086419e-26
19.84	2.71677748511387e-25
19.86	7.37017994623941e-25
19.88	4.73827776709241e-25
19.9	9.81880179839594e-26
19.92	7.13649497940016e-27
19.94	1.94130472459121e-28
19.96	6.71260219425855e-30
19.98	1.88837812561021e-29
20	2.02304696522124e-29
20.02	2.49139246318365e-30
20.04	2.38669575955149e-27
20.06	9.64038980295489e-26
20.08	3.07586098329751e-25
20.1	2.58302854141366e-26
20.12	2.57804870080846e-28
20.14	1.31160938036376e-29
20.16	6.38713412559288e-31
20.18	7.97250640784837e-29
20.2	1.43293601803099e-24
20.22	1.33351006838765e-21
20.24	2.584693398855e-21
20.26	3.43104545750954e-25
20.28	5.4714750529602e-30
20.3	1.30149376259267e-30
20.32	1.94609175688318e-31
20.34	4.69429770478061e-30
20.36	1.83505231949595e-30
20.38	8.19855768770391e-32
20.4	2.95786700327302e-32
20.42	4.47414119736932e-30
20.44	1.05210930128053e-30
20.46	6.03913040941874e-31
20.48	6.09321448118385e-31
20.5	6.12446700415288e-31
20.52	1.41522184244969e-31
20.54	2.33796482547293e-32
20.56	1.10123540894435e-29
20.58	5.52953573455885e-30
20.6	1.27563511592031e-31
20.62	1.44111861023099e-29
20.64	5.74441934963012e-30
20.66	7.53153108379589e-31
20.68	1.07556022348455e-30
20.7	9.62600170018568e-30
20.72	1.47801850237399e-29
20.74	2.33520792316883e-28
20.76	6.47279610140611e-23
20.78	1.88401683342312e-19
20.8	3.35024441938013e-17
20.82	3.4776250231628e-14
20.84	2.6599477723458e-08
20.86	4.27814310730038e-05
20.88	0.00471780141600471
20.9	0.0809538372663264
20.92	0.31327978726378
20.94	0.32303555449538
20.96	0.113906511253977
20.98	0.0477277681052748
21	0.0274542295961282
21.02	0.0214461239995003
21.04	0.0260167748500932
21.06	0.0396917333799871
21.08	0.0553134208994101
21.1	0.0431307018961682
21.12	0.00926016269124406
21.14	0.000169467017838453
21.16	3.60621462005304e-08
21.18	3.76395380321329e-15
21.2	2.5076067769635e-26
21.22	3.34101955727423e-31
21.24	5.22565075567837e-31
21.26	1.65798833876394e-29
21.28	6.29281856208099e-31
21.3	1.07597268821392e-29
21.32	2.98753377958638e-30
21.34	1.13246187613804e-30
21.36	8.10963486238291e-30
21.38	9.64739788521611e-30
21.4	3.63270961655995e-30
21.42	2.00662864238098e-31
21.44	1.36796811254203e-31
21.46	7.22213774074658e-31
21.48	2.30529893157426e-30
21.5	3.12283149192104e-31
21.52	4.85404407926452e-31
21.54	1.4167971049535e-29
21.56	7.80569141018341e-30
21.58	2.1776094327756e-30
21.6	5.52920921472449e-30
21.62	2.61419786585683e-30
21.64	1.09597507439764e-30
21.66	4.64625242361286e-30
21.68	9.01529173473889e-30
21.7	3.89105869101105e-31
21.72	3.78681679756716e-28
21.74	6.97006278245557e-21
21.76	2.79410394903449e-15
21.78	1.33913005494546e-10
21.8	9.68791577840837e-08
21.82	3.8937668393775e-06
21.84	1.19771165982358e-05
21.86	7.35332805039363e-06
21.88	2.07705009431168e-06
21.9	4.92853023208197e-07
21.92	1.44731990319235e-07
21.94	6.25938750181445e-08
21.96	4.08088413392627e-08
21.98	3.88371071698446e-08
22	5.25634588051262e-08
22.02	1.01251194162588e-07
22.04	2.83422508031669e-07
22.06	1.16460133081304e-06
22.08	6.60607648042502e-06
22.1	4.10318931358762e-05
22.12	0.000162618632702418
22.14	0.00014712610811689
22.16	5.07461536270132e-06
22.18	3.38789896947998e-10
22.2	1.22135225076986e-15
22.22	2.54878878452999e-23
22.24	1.63045929287854e-27
22.26	1.96729985642655e-30
22.28	7.41469105011106e-30
22.3	2.69172460285218e-30
22.32	1.07619307861946e-29
22.34	2.75661423870371e-30
22.36	1.13562610463654e-30
22.38	6.07258540395784e-32
22.4	9.7151288450093e-30
22.42	1.21385624787367e-29
22.44	3.20016575836988e-32
22.46	2.55222052897869e-31
22.48	1.38434235979517e-30
22.5	7.28881032130127e-30
22.52	6.45375507457648e-30
22.54	4.74984255604423e-30
22.56	1.30769679596914e-30
22.58	1.09596591823757e-31
22.6	1.1737550692716e-32
22.62	5.39858232590597e-30
22.64	6.84629555950156e-30
22.66	9.76600313187251e-31
22.68	1.24699391450863e-29
22.7	4.53191178118654e-30
22.72	1.53368051491376e-29
22.74	1.99991629911586e-28
22.76	1.29638783150058e-27
22.78	2.69713752819792e-27
22.8	9.84701014726152e-25
22.82	1.77879396022606e-22
22.84	3.00084021048913e-21
22.86	3.55002227664389e-21
22.88	5.08541348064027e-22
22.9	3.12436271858404e-22
22.92	6.55146014923373e-23
22.94	2.50427769746183e-24
22.96	2.03620629074979e-26
22.98	4.99278251559103e-28
23	1.25427834427987e-26
23.02	6.30755623492187e-24
23.04	5.48752366478727e-22
23.06	8.40252299928739e-21
23.08	2.1712225785236e-20
23.1	1.36945563559658e-21
23.12	2.2856995673775e-21
23.14	7.36434041761285e-23
23.16	3.47320319227541e-20
23.18	4.72915999266795e-17
23.2	4.14218571147805e-15
23.22	1.3212220554165e-15
23.24	1.65032578420585e-21
23.26	2.68724413965335e-28
23.28	7.34207299171672e-30
23.3	6.93775891983426e-30
23.32	8.81806941244473e-30
23.34	7.19397570227563e-30
23.36	7.20565034879698e-30
23.38	1.44305936753122e-29
23.4	6.53649362450313e-30
23.42	1.82658357714014e-30
23.44	1.48285010589386e-31
23.46	7.6876624746229e-31
23.48	1.15256102513784e-31
23.5	9.25517948681136e-31
23.52	6.48798209720295e-30
23.54	2.44805732348062e-30
23.56	1.21109580794078e-31
23.58	3.65972846309764e-30
23.6	1.73355787451616e-29
23.62	1.28181337826195e-29
23.64	8.47531013438238e-30
23.66	6.01898051751068e-30
23.68	1.63568549723922e-30
23.7	1.41006777033274e-30
23.72	4.76674736140496e-30
23.74	3.0129855983029e-29
23.76	2.07297787625707e-23
23.78	1.85226479170384e-19
23.8	1.32883823899815e-14
23.82	5.46307160624776e-10
23.84	3.12389127260379e-06
23.86	0.00074576853155702
23.88	0.0278487825564547
23.9	0.0778192948987968
23.92	0.0376577126990397
23.94	0.0211746961287292
23.96	0.0115116153205259
23.98	0.00737551784353305
24	0.00523362464977498
24.02	0.00458662617931653
24.04	0.00437049367014794
24.06	0.0047058295442587
24.08	0.00693955273644846
24.1	0.00912551339056591
24.12	0.00346375873614222
24.14	0.000122764050844181
24.16	8.79508691422965e-08
24.18	5.08829747079087e-14
24.2	1.22894274153266e-24
24.22	9.47007690854865e-30
24.24	1.16532309857629e-30
24.26	1.72162639024193e-29
24.28	1.94107472552766e-30
24.3	1.97084418534058e-29
24.32	6.52252134823054e-30
24.34	9.90630123928787e-31
24.36	3.5612685346651e-30
24.38	1.64558186589676e-30
24.4	8.18360546219899e-32
24.42	1.76634184430279e-30
24.44	5.94105257891197e-30
24.46	4.40354750218973e-30
24.48	4.11688198649212e-32
24.5	3.95428032358406e-31
24.52	1.25004323435477e-30
24.54	1.83911923717441e-30
24.56	9.95755822125439e-30
24.58	1.05931224055798e-29
24.6	2.93064340584938e-30
24.62	2.03402623909533e-30
24.64	7.12338671031804e-30
24.66	8.87894537827597e-32
24.68	7.34567965185182e-30
24.7	7.32738093161317e-30
24.72	8.05755923012404e-29
24.74	8.13719131207924e-22
24.76	1.29898008703073e-16
24.78	3.4373687638692e-12
24.8	5.86798788647133e-08
24.82	1.14228210905761e-05
24.84	8.96903354697843e-05
24.86	9.31893230856414e-05
24.88	3.45162494725129e-05
24.9	9.01026463090431e-06
24.92	2.59046913241713e-06
24.94	1.03113635922786e-06
24.96	6.03716566773812e-07
24.98	5.11355199039454e-07
25	6.11357567220637e-07
25.02	1.02586597595926e-06
25.04	2.43806587612953e-06
25.06	8.15294327929801e-06
25.08	3.527157856889e-05
25.1	0.000151769656497648
25.12	0.000360896820114229
25.14	0.000155414972014853
25.16	1.55760916153525e-06
25.18	1.32221876051882e-11
25.2	2.76936789189796e-16
25.22	5.39619505954221e-24
25.24	4.82290657021199e-28
25.26	8.97067922798693e-30
25.28	4.70777733415552e-30
25.3	6.77272600974355e-30
25.32	5.93108110171583e-30
25.34	7.98059205323287e-30
25.36	1.00699272998391e-29
25.38	1.54997040186419e-30
25.4	4.19029468613081e-30
25.42	5.33665293040779e-30
25.44	7.63159061364522e-31
25.46	1.32897397564367e-30
25.48	1.43174341961308e-31
25.5	4.2851223856445e-31
25.52	1.44413547954285e-30
25.54	2.86819918247819e-30
25.56	6.86035047834248e-30
25.58	3.87626461699557e-30
25.6	1.14532606345135e-29
25.62	5.18054662439631e-30
25.64	1.27842122029519e-30
25.66	9.77637647387632e-30
25.68	2.8402336017898e-30
25.7	6.32616318538767e-30
25.72	5.56444339824789e-27
25.74	2.14986276219821e-21
25.76	1.23590498330695e-18
25.78	3.61518577766738e-18
25.8	4.51798895151828e-19
25.82	1.91802306147172e-19
25.84	2.00175524655402e-18
25.86	4.48046798497276e-18
25.88	2.67167774419577e-18
25.9	5.81621190701486e-19
25.92	5.38510212976151e-20
25.94	1.13899097685383e-21
25.96	7.4232665488919e-22
25.98	4.22787610713424e-21
26	2.54339641844033e-20
26.02	1.41175506288831e-19
26.04	2.16692111951106e-19
26.06	5.67351620556019e-17
26.08	3.14371599330255e-16
26.1	5.14330099362867e-16
26.12	1.57677454449648e-16
26.14	1.81604801115531e-15
26.16	3.16462974282231e-13
26.18	1.14621008596078e-11
26.2	1.39858443837948e-11
26.22	3.872181311134e-14
26.24	5.92034561937318e-21
26.26	2.56486000617971e-28
26.28	3.43050730198293e-30
26.3	1.07329943040503e-29
26.32	1.30159660131119e-30
26.34	5.7598513823608e-31
26.36	2.56368708018015e-31
26.38	1.28393120990702e-29
26.4	6.16101909844263e-31
26.42	1.75271102789531e-29
26.44	2.6896071667027e-31
26.46	9.55995396456832e-31
26.48	4.13735398649624e-30
26.5	3.48987909543408e-30
26.52	2.3810251064067e-31
26.54	1.11601814674892e-29
26.56	5.6409883406049e-30
26.58	1.29966401583341e-31
26.6	8.3695039342227e-32
26.62	2.10655049390639e-29
26.64	7.29862057500847e-31
26.66	4.59241765866457e-30
26.68	3.26770744646189e-31
26.7	1.22646988898362e-30
26.72	7.33041369367205e-31
26.74	9.18423508737094e-30
26.76	2.41137000719691e-23
26.78	7.11899531704714e-18
26.8	1.77424111188013e-12
26.82	5.54426106269772e-08
26.84	0.000161244123058802
26.86	0.00963062770755961
26.88	0.0272565714762574
26.9	0.0104647543527008
26.92	0.00194611211446577
26.94	0.00064622540345684
26.96	0.000462469747192053
26.98	0.000461750857828174
27	0.000266952532337121
27.02	0.000552014796257102
27.04	0.000527168057561576
27.06	0.000589130935711216
27.08	0.000411328029722209
27.1	0.000184295444259437
27.12	4.23872970396625e-05
27.14	1.73791260861636e-06
27.16	1.78215821386756e-08
27.18	3.48010499243276e-14
27.2	1.93811409931731e-24
27.22	7.23260361666064e-31
27.24	1.90249592467518e-30
27.26	1.19468414877377e-29
27.28	2.21142424862329e-29
27.3	1.55136700524068e-29
27.32	1.60432025642962e-30
27.34	5.06682651045574e-30
27.36	1.6044943319346e-29
27.38	5.6658961844012e-31
27.4	2.02925753722157e-30
27.42	1.6197905453633e-29
27.44	7.26855808399982e-31
27.46	1.55470989879766e-31
27.48	1.4255733045548e-30
27.5	1.10865667487023e-30
27.52	3.70297287008557e-31
27.54	1.35797612495278e-30
27.56	2.63939023574483e-29
27.58	4.0799557217987e-30
27.6	3.47889867284596e-30
27.62	1.33609881590562e-29
27.64	2.16628218972858e-30
27.66	1.25162834297396e-29
27.68	1.70166463628468e-29
27.7	1.20210236628211e-29
27.72	3.40135692212911e-29
27.74	7.78025242687149e-23
27.76	2.54269886760749e-17
27.78	9.20299827492244e-14
27.8	2.59316244870418e-09
27.82	5.3196142058333e-06
27.84	0.000141342575161581
27.86	0.000265542386269885
27.88	0.000131729514181365
27.9	3.90605452485096e-05
27.92	1.15237949522515e-05
27.94	4.44285759319031e-06
27.96	2.45005071104924e-06
27.98	1.92851820411771e-06
28	2.12155587174337e-06
28.02	3.23394477835907e-06
28.04	6.8436316144517e-06
28.06	1.97633613145152e-05
28.08	7.06171443550757e-05
28.1	0.000235821410249696
28.12	0.000400200836434233
28.14	0.000110854462712755
28.16	7.04384110874232e-07
28.18	1.67469519679684e-11
28.2	8.09591281258418e-17
28.22	1.58916847439564e-24
28.24	1.78791236110676e-28
28.26	7.60715624136084e-30
28.28	1.430766411201e-29
28.3	3.15667646675351e-30
28.32	9.43451267484743e-31
28.34	6.52663770132638e-31
28.36	8.09385087051068e-31
28.38	1.25427861115429e-29
28.4	1.62349060383162e-29
28.42	7.81356031516835e-31
28.44	2.74524584267407e-32
28.46	7.1180415078389e-31
28.48	9.66783980259329e-31
28.5	1.03812733585124e-30
28.52	9.74874254217185e-31
28.54	1.17424387791451e-29
28.56	6.81611806537207e-30
28.58	1.353019672028e-30
28.6	9.04078455706513e-30
28.62	1.34243629500904e-29
28.64	5.52151507596514e-30
28.66	2.14188043939246e-30
28.68	4.43406074801641e-30
28.7	5.64952034604033e-30
28.72	6.28116632038496e-25
28.74	2.41870516443103e-19
28.76	6.03232897614659e-16
28.78	3.65273192397459e-14
28.8	8.17960468789605e-14
28.82	1.86033897773191e-14
28.84	1.44144657655434e-15
28.86	2.57390604789783e-16
28.88	1.07518004340684e-16
28.9	3.17126708240228e-17
28.92	1.37894311213441e-17
28.94	3.29128152465378e-17
28.96	1.64923111788421e-16
28.98	7.90550059340256e-16
29	3.40748340112754e-15
29.02	1.53177742742256e-14
29.04	5.14862488516867e-14
29.06	6.95567449984979e-14
29.08	1.08660718184815e-12
29.1	3.15756414555484e-12
29.12	1.16694762361175e-12
29.14	9.11068595769222e-11
29.16	2.85293032146418e-09
29.18	7.61788467246949e-09
29.2	2.10708365717133e-10
29.22	2.48993953894373e-15
29.24	6.45045399130133e-22
29.26	1.54599135314304e-29
29.28	9.24268942948781e-30
29.3	8.73433773942743e-30
29.32	6.85127908626063e-31
29.34	2.91362225742847e-30
29.36	1.70240891951205e-30
29.38	1.70099071491563e-30
29.4	1.12112194206114e-29
29.42	9.22360634653369e-30
29.44	2.37806108368317e-31
29.46	5.33735993765816e-31
29.48	8.6349799670411e-31
29.5	8.87154710564796e-30
29.52	4.21601535019928e-30
29.54	4.27848358213172e-30
29.56	4.0473023261746e-30
29.58	3.01952529778121e-30
29.6	1.61701312062451e-30
29.62	9.35371867294122e-31
29.64	2.58498398282934e-30
29.66	3.88761850647037e-30
29.68	4.18601202002554e-30
29.7	1.69455889144056e-29
29.72	6.41120541813484e-30
29.74	3.20203751313405e-28
29.76	2.65298435613863e-22
29.78	9.49680736832383e-17
29.8	8.77281685058399e-12
29.82	1.48889399596401e-07
29.84	0.000121966338834556
29.86	0.00193872785171488
29.88	0.00228713144386166
29.9	0.000860114106825753
29.92	0.000178074615627162
29.94	3.73414034531192e-05
29.96	4.00180085398566e-05
29.98	0.000229193678272079
30	0.00104539101206301
30.02	0.00313674141514481
30.04	0.00264495388804911
30.06	0.000976268397806115
30.08	0.000392310096540695
30.1	0.000282709959642128
30.12	0.000199492482609773
30.14	2.1304584750581e-05
30.16	3.46101072574135e-08
30.18	3.47610047453571e-14
30.2	1.23670168630719e-24
30.22	4.34001387785323e-26
30.24	1.04170347687331e-24
30.26	4.47486542693747e-27
30.28	1.70850204165906e-30
30.3	1.90811057508319e-30
30.32	2.88212238038279e-29
30.34	2.02753738847306e-30
30.36	1.29568909437047e-29
30.38	1.12321672286852e-29
30.4	4.03015703261727e-30
30.42	3.20532202959342e-30
30.44	8.9324885377595e-31
30.46	2.1031510803084e-30
30.48	1.28774023244121e-30
30.5	1.46390323259238e-30
30.52	2.99615824873092e-30
30.54	2.36964922002525e-30
30.56	4.90948385673919e-31
30.58	1.39789072935925e-29
30.6	1.94209392298102e-29
30.62	7.62096661582493e-30
30.64	3.51341451119749e-29
30.66	5.52834641710014e-30
30.68	2.48300438295655e-29
30.7	3.04275372794013e-29
30.72	8.53437991310623e-31
30.74	7.43420340077414e-25
30.76	1.23678392904393e-18
30.78	6.41105504820184e-14
30.8	8.39606878277402e-10
30.82	2.34710208810012e-06
30.84	0.000125130786341803
30.86	0.000357858608274288
30.88	0.000220431387537675
30.9	7.23970467079416e-05
30.92	2.20361777249095e-05
30.94	8.41021123173904e-06
30.96	4.49696874915477e-06
30.98	3.39702404906713e-06
31	3.56010157955014e-06
31.02	5.12397021104195e-06
31.04	1.01018703939169e-05
31.06	2.6625705538437e-05
31.08	8.42135423667387e-05
31.1	0.000238058388362034
31.12	0.000320720614887422
31.14	6.47716645185966e-05
31.16	2.92773752385537e-07
31.18	5.83694627359946e-12
31.2	2.67227942834824e-17
31.22	4.96092545803906e-25
31.24	3.13090525314537e-29
31.26	2.46153613529192e-30
31.28	3.558811068204e-30
31.3	2.34565432812275e-30
31.32	9.99407928506484e-30
31.34	9.18983609309985e-30
31.36	1.79677203470062e-30
31.38	4.93199239229221e-31
31.4	1.19808979351096e-30
31.42	6.41308674725431e-30
31.44	1.91849268629476e-29
31.46	1.21807778556484e-30
31.48	1.17944114952666e-30
31.5	1.79994864978435e-31
31.52	7.33380428388089e-31
31.54	1.49121237149583e-30
31.56	8.72264190018479e-30
31.58	1.39433855012885e-29
31.6	4.10362547367062e-30
31.62	8.66140266718472e-31
31.64	3.06583593897004e-29
31.66	1.45690419621658e-30
31.68	3.70050001273668e-31
31.7	8.55180964632903e-30
31.72	3.27754666512504e-26
31.74	1.28387370126036e-19
31.76	1.71742890025432e-14
31.78	1.42339228876876e-11
31.8	2.05181404341558e-10
31.82	1.69873924381549e-10
31.84	2.69525909550393e-11
31.86	1.97096060289153e-12
31.88	1.96879877413931e-13
31.9	7.25895911247276e-14
31.92	3.61487315623666e-13
31.94	5.67147603423622e-13
31.96	8.25495377938279e-13
31.98	2.3502839065269e-12
32	7.61045232506055e-12
32.02	2.3531558586774e-11
32.04	6.58431546330147e-11
32.06	9.48398979235458e-11
32.08	5.84876632400603e-10
32.1	1.17059212845113e-09
32.12	3.5048666854976e-09
32.14	4.6935817377687e-08
32.16	2.87170052203924e-07
32.18	7.7092310533729e-08
32.2	9.45289729038576e-11
32.22	4.86676873099492e-17
32.24	6.32214656910397e-23
32.26	9.65837524492338e-30
32.28	3.25968828522839e-29
32.3	2.04838684777692e-29
32.32	5.00021203866942e-30
32.34	4.70894168377509e-30
32.36	1.90323699838047e-29
32.38	1.93119831952045e-30
32.4	4.07785906192695e-30
32.42	5.37110045688357e-30
32.44	1.49897789379893e-30
32.46	6.24068682144173e-31
32.48	2.19993957074728e-31
32.5	1.8623889324531e-31
32.52	2.1587990175297e-30
32.54	3.29132820517245e-30
32.56	8.41733021482924e-30
32.58	2.16565369444884e-30
32.6	1.25031390826027e-29
32.62	3.7732376531536e-31
32.64	2.63163783571787e-29
32.66	3.39159772204238e-30
32.68	2.61599159278917e-29
32.7	5.52161982178216e-30
32.72	1.53604601875727e-29
32.74	1.86989400818995e-27
32.76	5.78711119491366e-22
32.78	1.0217213630092e-16
32.8	3.70429939437457e-12
32.82	2.39245873832971e-08
32.84	1.70846532555553e-06
32.86	1.55379446018145e-05
32.88	8.48250283898697e-05
32.9	0.000163640887792924
32.92	2.91168923998423e-05
32.94	0.000809959538496195
32.96	0.00818076246956029
32.98	0.0292448752133908
33	0.068133610834832
33.02	0.10287072167307
33.04	0.099359769358921
33.06	0.0605150551907012
33.08	0.0115567339709501
33.1	0.00079696643767335
33.12	0.000366067457296015
33.14	2.58576006065465e-05
33.16	4.00022644186411e-08
33.18	3.92490604877517e-14
33.2	5.74390207829165e-20
33.22	1.97186871499072e-18
33.24	8.20510541247972e-20
33.26	7.20268937613729e-25
33.28	5.25377635547891e-32
33.3	2.01577868708848e-29
33.32	4.18399591812335e-30
33.34	1.45270504962793e-29
33.36	9.50714630777816e-30
33.38	9.39434777238403e-30
33.4	2.69113388776059e-30
33.42	2.18955078799579e-29
33.44	1.67635179664145e-30
33.46	4.36271771580272e-30
33.48	3.02133427643519e-30
33.5	2.22384706140079e-30
33.52	1.32562916232574e-30
33.54	1.26432890265763e-29
33.56	8.73815621911575e-30
33.58	2.08469215616562e-30
33.6	1.7168716004957e-30
33.62	5.61582535754167e-30
33.64	3.66497860238792e-30
33.66	4.21537101906218e-30
33.68	1.23851141870523e-29
33.7	8.20984640871711e-30
33.72	2.38809956119121e-30
33.74	6.82923180128317e-25
33.76	8.66956163625957e-20
33.78	5.26105646035776e-16
33.8	2.50250473892285e-10
33.82	1.04752191017586e-06
33.84	9.44228740427922e-05
33.86	0.000348120936335523
33.88	0.000241144710161604
33.9	8.34050950912652e-05
33.92	2.57186430024386e-05
33.94	9.72431355745887e-06
33.96	5.0952826141976e-06
33.98	3.75243981483093e-06
34	3.82008988651628e-06
34.02	5.31605458951613e-06
34.04	1.00583142250982e-05
34.06	2.51435909324238e-05
34.08	7.40572680331813e-05
34.1	0.000189563921439167
34.12	0.000221280028715714
34.14	3.60709908391073e-05
34.16	1.20105913229766e-07
34.18	1.69760213971486e-12
34.2	1.33819257170045e-17
34.22	4.0689627291573e-24
34.24	1.81308885264295e-28
34.26	5.13343989756284e-31
34.28	1.84512057532172e-29
34.3	1.03186062457842e-31
34.32	9.36669208794705e-31
34.34	7.94048164907366e-31
34.36	1.11798872263654e-29
34.38	3.23200725813293e-30
34.4	3.54325790639958e-30
34.42	1.07252446591046e-29
34.44	5.39816061913895e-31
34.46	3.00733289177166e-31
34.48	1.03200740986164e-30
34.5	8.33508069950987e-31
34.52	1.04436228941652e-30
34.54	1.30814903615069e-30
34.56	2.44821344921502e-29
34.58	5.13742881336597e-30
34.6	3.64787920763473e-30
34.62	1.56939155452647e-29
34.64	9.79493106022271e-30
34.66	4.71256665236854e-29
34.68	4.80743323356315e-31
34.7	1.51426412866244e-30
34.72	6.09402854713576e-28
34.74	3.7628689574363e-21
34.76	2.00166701543116e-14
34.78	1.26751863962795e-10
34.8	1.13488299893093e-08
34.82	3.43559089098698e-08
34.84	1.27279117190909e-08
34.86	1.62216489748089e-09
34.88	1.82378999166055e-10
34.9	8.79261166195185e-12
34.92	2.8064305004526e-10
34.94	3.98677978648177e-10
34.96	4.73872344979203e-10
34.98	1.03373053921073e-09
35	3.24916184968648e-09
35.02	9.61690550774869e-09
35.04	2.67365643017751e-08
35.06	5.8299943147188e-08
35.08	8.33697062502406e-08
35.1	2.32073816848554e-07
35.12	6.99935109459307e-08
35.14	1.29559409751046e-06
35.16	1.43944310092427e-06
35.18	1.93692625371652e-08
35.2	1.76221657460048e-11
35.22	3.03615623295131e-18
35.24	1.13697315378861e-24
35.26	1.6845911900849e-29
35.28	1.63359664990856e-29
35.3	2.54075301593831e-29
35.32	1.4933199837036e-29
35.34	2.2143648226716e-29
35.36	1.19283854280668e-29
35.38	1.12857250024427e-29
35.4	2.30792055076929e-29
35.42	1.27578417804418e-30
35.44	6.48245920721632e-31
35.46	1.03393207811832e-30
35.48	4.18736266367605e-31
35.5	3.43520991455692e-31
35.52	2.83828381238823e-30
35.54	9.01243244442301e-30
35.56	1.20188131538204e-29
35.58	3.00201632615699e-30
35.6	3.41939513014891e-29
35.62	2.93346030223313e-29
35.64	9.14988720466349e-30
35.66	3.16825228203977e-30
35.68	2.18950188279769e-29
35.7	4.53671856102576e-30
35.72	2.492557436199e-28
35.74	1.68430187555306e-23
35.76	3.10860188590315e-21
35.78	9.72424835037494e-18
35.8	3.59280952963692e-12
35.82	4.35987880498122e-08
35.84	2.02798042636433e-05
35.86	0.000228073310275872
35.88	0.000186299600337554
35.9	0.000224734500208681
35.92	0.0127310885183105
35.94	0.0953447954985391
35.96	0.274116264888783
35.98	0.384796017171052
36	0.355565253314412
36.02	0.282878715046213
36.04	0.203135897983118
36.06	0.118423356294992
36.08	0.0366626019922854
36.1	0.00355113677734201
36.12	0.000874712609975017
36.14	2.71053248124555e-05
36.16	2.96673962978611e-08
36.18	2.61472990959134e-14
36.2	3.50911833525131e-15
36.22	5.71981986004149e-16
36.24	3.68928921443463e-23
36.26	6.11343323360455e-26
36.28	6.74291267502881e-31
36.3	1.87155075379051e-30
36.32	6.99926630507238e-30
36.34	3.53531861147174e-29
36.36	2.0937325421913e-31
36.38	8.34479581008179e-31
36.4	1.79550101079571e-29
36.42	1.78607500889463e-29
36.44	1.14794892355753e-30
36.46	1.05743255632631e-30
36.48	2.31319402128997e-30
36.5	1.16212522453266e-29
36.52	2.1094230811937e-29
36.54	3.24230410830057e-30
36.56	2.69436487174568e-30
36.58	2.98575725453637e-30
36.6	3.93047749251139e-30
36.62	3.34492354261323e-30
36.64	2.41222037356027e-29
36.66	1.07249489500008e-29
36.68	1.32413416270206e-29
36.7	2.10329645780996e-30
36.72	1.69826844406183e-30
36.74	2.72718207557495e-25
36.76	6.67919668607874e-20
36.78	7.47007715538101e-16
36.8	5.79197418967515e-11
36.82	3.81353024446202e-07
36.84	5.95399117569263e-05
36.86	0.000270890981204112
36.88	0.000203481990876532
36.9	7.26016278115384e-05
36.92	2.25113702297105e-05
36.94	8.4408223657832e-06
36.96	4.3575834512275e-06
36.98	3.15291664552309e-06
37	3.14740016206016e-06
37.02	4.28299228831922e-06
37.04	7.88950301931932e-06
37.06	1.90761658309148e-05
37.08	5.379575062231e-05
37.1	0.000129629952909062
37.12	0.000138751818036196
37.14	1.98116022587962e-05
37.16	5.25147599354613e-08
37.18	5.42164992223652e-13
37.2	3.30063097355675e-17
37.22	6.88200936812404e-23
37.24	9.51554873605966e-28
37.26	5.31887208118406e-30
37.28	1.67283120580435e-29
37.3	2.99271174854282e-29
37.32	2.86445448711413e-30
37.34	9.11036991299585e-30
37.36	6.15584010296863e-30
37.38	2.71386549399006e-29
37.4	4.82849060532914e-30
37.42	3.57215074149257e-30
37.44	2.59070184741552e-30
37.46	7.49542293824646e-30
37.48	1.87413632949422e-31
37.5	1.1696523540298e-30
37.52	3.19843182402836e-30
37.54	2.89561283226566e-30
37.56	9.28105235389342e-31
37.58	1.79464417817788e-29
37.6	2.99237882420626e-29
37.62	3.2182267036318e-32
37.64	4.56931378234993e-30
37.66	2.07325234932764e-30
37.68	6.64382380461664e-30
37.7	2.30549691690247e-30
37.72	2.95029439534772e-28
37.74	3.7853331175999e-21
37.76	4.15948626884046e-15
37.78	1.2830506178058e-10
37.8	6.24046104510725e-08
37.82	6.30193418174924e-07
37.84	5.09592964129597e-07
37.86	1.28014234372548e-07
37.88	8.58104355726453e-09
37.9	3.20669897474049e-08
37.92	6.34267473451025e-08
37.94	8.09436883626688e-08
37.96	9.63486421409455e-08
37.98	1.11738645931926e-07
38	1.81147767690505e-07
38.02	4.1254609126568e-07
38.04	1.03305378663067e-06
38.06	2.34148976431522e-06
38.08	1.9979870766089e-06
38.1	2.44834360372768e-07
38.12	2.64931238887365e-06
38.14	1.46692642407842e-05
38.16	6.4905981146775e-06
38.18	3.40477839867314e-08
38.2	7.15775561250763e-13
38.22	1.74459831069847e-19
38.24	4.36284781480756e-25
38.26	3.07412072131567e-30
38.28	2.16735798470379e-30
38.3	1.25138029676083e-29
38.32	7.9668563516248e-30
38.34	1.35121305110116e-30
38.36	1.75122434963225e-29
38.38	1.44894481668034e-30
38.4	1.53831605646274e-30
38.42	6.50251422082678e-30
38.44	1.72249897644912e-29
38.46	1.5851767078202e-30
38.48	7.93599827355639e-31
38.5	1.19114825143647e-30
38.52	1.09160820647608e-30
38.54	4.67416074787618e-31
38.56	1.86291771701554e-29
38.58	2.18173553370969e-29
38.6	2.1173741220554e-30
38.62	2.97538258659679e-30
38.64	5.04474224454188e-30
38.66	1.16769686364198e-29
38.68	2.01212845803756e-30
38.7	2.24414835305711e-29
38.72	5.78109155748933e-26
38.74	2.50376578520964e-20
38.76	2.58016387011598e-17
38.78	1.9888469052492e-16
38.8	5.03224162052058e-12
38.82	5.69479329489855e-08
38.84	2.46707128551516e-05
38.86	0.00021695410875042
38.88	0.000990577588929713
38.9	0.0303524770841583
38.92	0.153659118689619
38.94	0.218647775491825
38.96	0.150649669633534
38.98	0.108342868273079
39	0.0896286032693465
39.02	0.0867184826150284
39.04	0.0817913487331269
39.06	0.0642499774312412
39.08	0.0353410505760501
39.1	0.00679280868441626
39.12	0.000453157081299959
39.14	3.34916820678682e-05
39.16	2.66050936910452e-08
39.18	3.52012769872771e-13
39.2	8.17856278522491e-13
39.22	1.59884633835756e-14
39.24	4.50709733762593e-21
39.26	2.03812414126707e-27
39.28	1.14323582748378e-29
39.3	3.36477714555225e-30
39.32	3.03497213614054e-29
39.34	2.83352215315942e-30
39.36	2.1640120653173e-29
39.38	1.0165959584871e-29
39.4	2.9220738717315e-30
39.42	1.12002130781449e-29
39.44	2.66614208725893e-30
39.46	3.73108503127341e-31
39.48	2.30021071100081e-31
39.5	2.82496592378227e-30
39.52	1.96899023733992e-30
39.54	4.69578243785772e-30
39.56	2.22524979387925e-29
39.58	8.42353357870576e-30
39.6	2.71065134801966e-29
39.62	7.39838024823345e-30
39.64	1.13450408705631e-29
39.66	2.52671864187358e-30
39.68	2.39192671013162e-29
39.7	2.39056479824593e-29
39.72	3.65294447394568e-29
39.74	1.77720841815742e-26
39.76	4.12582598354985e-20
39.78	4.5394196257923e-17
39.8	1.18065830659348e-11
39.82	1.46779188419626e-07
39.84	3.43247096055575e-05
39.86	0.000182215117478708
39.88	0.000144709358796294
39.9	5.26479961502748e-05
39.92	1.63643292650434e-05
39.94	6.09630834146507e-06
39.96	3.11166475533954e-06
39.98	2.22009789851624e-06
40	2.18264293243883e-06
