0	0.999999999999998
0.02	0.379353636496189
0.04	0.0189098346526989
0.06	0.000102164288677133
0.08	4.59207267058065e-08
0.1	1.23192673938792e-12
0.12	1.33039382539411e-18
0.14	3.5838619187893e-26
0.16	8.61020269760263e-30
0.18	2.86649337973381e-29
0.2	2.69835860520731e-29
0.22	1.02111404948675e-29
0.24	9.01321029538882e-30
0.26	3.63231392524644e-31
0.28	1.30485813650058e-30
0.3	1.62904702738034e-31
0.32	2.35718587183731e-30
0.34	1.08008276367355e-31
0.36	1.32205248405652e-31
0.38	8.0470743182715e-32
0.4	8.8648268718339e-32
0.42	1.02714892443197e-32
0.44	4.84367067629185e-32
0.46	2.24588443008611e-32
0.48	5.35822885513582e-32
0.5	3.11504930546906e-33
0.52	9.10635309966377e-34
0.54	2.30780548684349e-32
0.56	2.39210633121264e-33
0.58	3.13216067192012e-32
0.6	3.73341363715538e-34
0.62	2.72975774506125e-32
0.64	2.17886644783025e-33
0.66	3.54284060304975e-32
0.68	9.27020188427986e-33
0.7	2.03493734625628e-32
0.72	1.75953917216772e-33
0.74	2.51882533775122e-32
0.76	9.63661687197087e-33
0.78	1.70927428451408e-34
0.8	9.05414887451156e-33
0.82	4.58322484981242e-33
0.84	5.77078841555542e-33
0.86	6.50428365501679e-34
0.88	1.80989237667448e-32
0.9	1.91265709699512e-31
0.92	1.48522148848993e-31
0.94	1.05917478632999e-31
0.96	8.28291758243403e-31
0.98	2.98649119772359e-30
1	1.93778055940875e-30
1.02	6.31449557281989e-31
1.04	1.28337922357913e-31
1.06	2.4709233289902e-32
1.08	3.53246963501457e-33
1.1	4.09128852382179e-33
1.12	1.29779011707954e-32
1.14	1.59295318758757e-33
1.16	7.88122691216143e-33
1.18	5.01906096908355e-33
1.2	4.18746592871768e-33
1.22	3.51815875833203e-32
1.24	6.0068451009862e-32
1.26	1.41492717751336e-31
1.28	7.47616043501014e-31
1.3	4.31264533858548e-32
1.32	1.07540518565605e-32
1.34	2.37376850496832e-31
1.36	2.08846240411569e-32
1.38	2.1944654169513e-32
1.4	8.85741552531958e-31
1.42	3.27632887399285e-31
1.44	7.33129528422622e-34
1.46	3.57787722663158e-33
1.48	1.90053929968416e-32
1.5	1.05740321556791e-32
1.52	8.26649295483722e-33
1.54	9.4665161022497e-34
1.56	4.49588451307866e-34
1.58	1.57216929899542e-32
1.6	1.68850053949792e-32
1.62	5.19798756815812e-31
1.64	2.01107804277255e-30
1.66	1.64422428128183e-31
1.68	6.67891810703243e-32
1.7	5.03682204369736e-32
1.72	4.72338633774831e-32
1.74	8.54782342171519e-33
1.76	1.58669580533216e-32
1.78	1.71127588668768e-32
1.8	6.30839770611534e-33
1.82	6.31482356584547e-33
1.84	9.07364791318945e-32
1.86	3.70919499264223e-31
1.88	4.39238750968063e-31
1.9	4.38486712429031e-32
1.92	3.15110589934814e-31
1.94	6.26489037259548e-31
1.96	2.04128552596476e-30
1.98	1.90133293395803e-30
2	2.09137999778202e-31
2.02	3.64784270682329e-31
2.04	6.3183384975033e-31
2.06	5.8616701700293e-32
2.08	3.62932915219182e-34
2.1	4.33616360186557e-33
2.12	1.11155710218351e-33
2.14	8.80223179546513e-33
2.16	7.57608026324056e-32
2.18	1.02345939064079e-32
2.2	1.98195749784609e-31
2.22	2.08187515198603e-31
2.24	1.77492563429857e-31
2.26	2.3488209657883e-32
2.28	2.62066213444503e-33
2.3	2.80065463837107e-33
2.32	4.81162790227072e-33
2.34	1.32394239351136e-32
2.36	1.04860627059664e-33
2.38	2.30466904776283e-32
2.4	1.05194910391335e-31
2.42	2.67586475928532e-32
2.44	8.72726429739278e-33
2.46	4.69299803813946e-32
2.48	9.11286090913855e-33
2.5	2.83067057157752e-32
2.52	1.98904747380747e-32
2.54	4.7248090209805e-32
2.56	7.07755915474363e-33
2.58	2.25314582553534e-32
2.6	2.88502851442077e-31
2.62	7.33281197108507e-30
2.64	2.34049588303144e-30
2.66	6.41793224387024e-33
2.68	3.36293658081821e-31
2.7	1.14138167804603e-30
2.72	1.15239503382705e-30
2.74	6.86227665864548e-30
2.76	2.17121616539876e-29
2.78	1.7086208514582e-24
2.8	9.03483715951168e-17
2.82	3.22029253032002e-11
2.84	2.50719119764165e-07
2.86	9.8976138684636e-05
2.88	0.00360666591192661
2.9	0.0184416451763976
2.92	0.0175216208484876
2.94	0.00366442181547777
2.96	0.000181627987914316
2.98	2.10616991297365e-06
3	5.17237397120664e-09
3.02	2.19123385894155e-12
3.04	1.10792827103716e-16
3.06	3.48896120091149e-22
3.08	4.55658820999498e-29
3.1	7.49263530074684e-30
3.12	2.87585881786744e-30
3.14	3.35837567109069e-30
3.16	3.91127221447713e-30
3.18	2.37459433522703e-33
3.2	2.99267219942986e-30
3.22	1.69958478667271e-29
3.24	5.12890513550573e-30
3.26	1.0667859089676e-29
3.28	1.79442349541096e-30
3.3	1.15033592697499e-30
3.32	1.45541182517998e-31
3.34	4.14412934356335e-33
3.36	5.88005177669089e-33
3.38	1.74073314625879e-30
3.4	2.83277512154415e-30
3.42	3.17100519158315e-31
3.44	2.40817537602338e-30
3.46	2.39753509413315e-32
3.48	7.123096473339e-32
3.5	9.58515825496077e-32
3.52	1.21790817816641e-31
3.54	9.27223563963867e-32
3.56	6.82964540926537e-31
3.58	8.32515090210216e-31
3.6	8.09466771882528e-33
3.62	1.04015858608912e-31
3.64	4.61671622751429e-31
3.66	3.06449257920367e-31
3.68	3.38683629602727e-33
3.7	1.54854681874806e-31
3.72	1.22844430464847e-31
3.74	1.00170006830553e-32
3.76	5.90180138983729e-33
3.78	2.91401294580524e-31
3.8	9.73753977923328e-32
3.82	1.36517029009887e-31
3.84	7.42202303777325e-32
3.86	7.65390686970735e-31
3.88	8.76115102391701e-31
3.9	7.26005060951392e-32
3.92	2.19980208802342e-31
3.94	1.52686892810767e-31
3.96	1.31482945633961e-30
3.98	1.82638679993644e-30
4	4.45875773395582e-31
4.02	1.76707099377669e-31
4.04	8.55099103751865e-31
4.06	1.0029473130672e-30
4.08	5.58130903337365e-32
4.1	4.60157833892837e-31
4.12	9.75402880355185e-31
4.14	1.6454228004261e-31
4.16	6.80001119950446e-32
4.18	6.99500310066261e-32
4.2	5.17442153967001e-32
4.22	1.65221503142392e-31
4.24	5.45313389567121e-33
4.26	3.05707821289572e-31
4.28	3.58033566155376e-31
4.3	4.25745784739423e-33
4.32	5.71251665555929e-31
4.34	3.14740368258624e-30
4.36	6.94385800000976e-30
4.38	1.20530293859877e-30
4.4	6.21861519656124e-31
4.42	6.34088306152629e-31
4.44	8.16288984889048e-31
4.46	1.2716044698914e-32
4.48	1.93732036839905e-31
4.5	1.03413563873982e-32
4.52	2.25550332210996e-32
4.54	3.92663926564045e-32
4.56	6.17680249030959e-32
4.58	1.23361235805223e-30
4.6	1.17216344296861e-31
4.62	4.19641065939208e-32
4.64	2.07193420313974e-30
4.66	5.25074043269781e-31
4.68	7.51709112835313e-32
4.7	1.4527051601352e-31
4.72	4.71685330839844e-31
4.74	3.67650063587604e-32
4.76	1.02420335376888e-31
4.78	5.36961178784058e-32
4.8	1.73668318536483e-31
4.82	2.3361743589386e-32
4.84	3.33795761698277e-32
4.86	1.27050576066298e-31
4.88	4.02265967858378e-31
4.9	2.13926842294075e-31
4.92	4.96586293364172e-31
4.94	1.59177919934525e-30
4.96	2.46335595096903e-30
4.98	6.27860491694648e-31
5	1.63686603225394e-31
5.02	2.3180530927165e-30
5.04	3.39705688277096e-30
5.06	1.52754410647261e-30
5.08	2.45583439336331e-31
5.1	2.79713283199408e-31
5.12	2.59553692788035e-33
5.14	1.23424219849916e-31
5.16	1.39013870039495e-31
5.18	3.83031646302047e-32
5.2	1.13083748200098e-32
5.22	6.49118053534412e-32
5.24	4.25709031179297e-32
5.26	4.3808701504463e-32
5.28	2.48570691614902e-31
5.3	2.68147177540579e-31
5.32	2.8895623909645e-32
5.34	2.48126444987513e-32
5.36	6.20380954670998e-32
5.38	1.07575664769732e-31
5.4	1.34262043611773e-32
5.42	1.07041660038404e-31
5.44	2.46700178134846e-31
5.46	4.20955391285351e-32
5.48	1.63227908863974e-32
5.5	5.83222149586611e-32
5.52	1.35618408416127e-30
5.54	4.09238700392884e-31
5.56	2.10201801115212e-31
5.58	5.55834896060363e-31
5.6	5.35124397142391e-31
5.62	5.69434001766096e-30
5.64	7.74922807952785e-30
5.66	3.53636131560757e-31
5.68	1.75189737387969e-30
5.7	4.51324269610295e-30
5.72	4.11418237125346e-30
5.74	7.18823244893926e-30
5.76	5.74479157930047e-30
5.78	3.06163749927247e-30
5.8	1.79769024259426e-23
5.82	2.06978596308063e-19
5.84	1.33958241509568e-16
5.86	1.06174248008477e-14
5.88	1.78952318593326e-13
5.9	9.99211482174028e-13
5.92	2.95821681483986e-12
5.94	8.76104875368904e-12
5.96	1.28989266732038e-11
5.98	1.88017282809433e-12
6	1.81328795915922e-14
6.02	7.90978758985398e-18
6.04	8.84772991686445e-23
6.06	1.87597224894391e-26
6.08	6.47833353726042e-30
6.1	3.13558284574432e-31
6.12	5.71594806794294e-31
6.14	1.05449294238766e-30
6.16	4.15371920332754e-32
6.18	6.89159373003916e-31
6.2	4.41997373984664e-31
6.22	5.24926808891126e-31
6.24	1.56749441788078e-31
6.26	5.51578841243658e-31
6.28	2.65640944279294e-30
6.3	1.61416956795266e-30
6.32	7.97762844100397e-30
6.34	1.66190817342997e-30
6.36	1.55147234151466e-32
6.38	1.25749285439302e-30
6.4	2.22905553883614e-30
6.42	1.48673369908277e-30
6.44	1.8290548943198e-30
6.46	3.67738654533012e-30
6.48	1.95083584914408e-33
6.5	8.76568349740782e-32
6.52	1.96007353802288e-31
6.54	3.75370290328816e-31
6.56	2.04482552717941e-30
6.58	8.48854709950889e-31
6.6	3.11925571565702e-30
6.62	4.29180370950889e-30
6.64	1.04573174390435e-30
6.66	4.94808720977049e-31
6.68	2.0397684970214e-31
6.7	1.54367241285543e-31
6.72	1.04592885020138e-32
6.74	2.64248729598993e-31
6.76	6.52910532948961e-31
6.78	6.43693258821237e-31
6.8	9.37796495030805e-31
6.82	3.18604135672391e-31
6.84	1.93852820836751e-30
6.86	3.02352065159383e-30
6.88	1.49401821742808e-30
6.9	8.83977252177439e-32
6.92	7.50812145531047e-31
6.94	2.59853679757811e-30
6.96	2.72294529445482e-30
6.98	2.39218674139071e-30
7	2.87631592867168e-31
7.02	1.02588986369072e-32
7.04	1.28925708709786e-30
7.06	5.54937906687229e-30
7.08	1.00358652656295e-30
7.1	8.25301150203032e-31
7.12	1.7096166590506e-31
7.14	2.19798411316917e-31
7.16	4.37828372319988e-33
7.18	7.2741474074858e-32
7.2	2.29580794830433e-31
7.22	1.05174509557173e-31
7.24	9.06101988464826e-32
7.26	9.54693864031949e-31
7.28	3.50142059155691e-30
7.3	1.01985434772421e-30
7.32	2.81668692775335e-30
7.34	5.9681084643534e-30
7.36	3.66608186741698e-30
7.38	7.68071076132499e-31
7.4	8.44821280725255e-30
7.42	2.42570118115581e-31
7.44	1.69112987562232e-31
7.46	1.96575500840859e-31
7.48	1.73047386287654e-31
7.5	2.08518645777529e-31
7.52	8.16701719315917e-32
7.54	9.22663921628638e-32
7.56	1.57313023279253e-31
7.58	6.19670134455357e-32
7.6	3.45871743067532e-30
7.62	2.91573546670274e-30
7.64	3.46647056323602e-32
7.66	5.18367379588248e-31
7.68	5.19821523531778e-31
7.7	3.20390174913877e-31
7.72	8.97797950355823e-32
7.74	3.65674242236537e-32
7.76	1.36121825253315e-32
7.78	2.27826177922913e-32
7.8	1.17779466408634e-31
7.82	3.083618334689e-31
7.84	1.47852170274805e-32
7.86	4.32983547293565e-31
7.88	1.19108975386367e-31
7.9	1.25315715320065e-30
7.92	1.18559679503446e-30
7.94	1.30604074384674e-30
7.96	4.763112709271e-30
7.98	6.64100911596728e-30
8	1.0829150695626e-30
8.02	7.46676423402424e-31
8.04	2.59215550290743e-31
8.06	3.32896908426953e-32
8.08	1.72978253034121e-31
8.1	2.22253646523892e-31
8.12	5.941444971435e-32
8.14	1.66701088677748e-31
8.16	2.40458125332882e-31
8.18	1.64562290306202e-31
8.2	2.06578384448877e-32
8.22	1.70187899755799e-31
8.24	1.52847676217966e-30
8.26	5.21682366113612e-32
8.28	1.20013307369049e-31
8.3	2.43534766638018e-32
8.32	3.66125273995092e-32
8.34	1.11994089009397e-31
8.36	5.09317926024949e-31
8.38	1.294404698198e-31
8.4	5.04408998299728e-31
8.42	1.250981672925e-31
8.44	2.84535547170116e-31
8.46	2.25642200605218e-31
8.48	7.60626220677801e-32
8.5	8.3038393346836e-31
8.52	1.02673428692107e-31
8.54	3.35584324377366e-31
8.56	3.81671152706409e-30
8.58	3.29041471429153e-30
8.6	1.68419901844117e-29
8.62	1.52537718046857e-30
8.64	6.42717559080031e-31
8.66	3.63541230275267e-32
8.68	4.66944917729924e-31
8.7	1.11710067120782e-30
8.72	2.9534426675586e-32
8.74	7.90476433837365e-31
8.76	3.3039738890355e-30
8.78	1.17247441940965e-31
8.8	1.71271378489003e-29
8.82	9.50403324072386e-28
8.84	1.18235054831596e-25
8.86	1.20480322401876e-24
8.88	1.78802194129839e-24
8.9	5.32306151716795e-25
8.92	1.49016953107738e-23
8.94	6.23576018173619e-20
8.96	2.65215121249932e-17
8.98	1.70389023934218e-15
9	5.63559260707111e-15
9.02	4.0736008629199e-16
9.04	3.05109188595661e-19
9.06	5.15827732046966e-24
9.08	2.76286785323919e-31
9.1	1.44384226061816e-29
9.12	2.25412804240439e-29
9.14	2.49418845652864e-30
9.16	7.70431248015965e-33
9.18	2.07201048131383e-31
9.2	7.85533672843256e-31
9.22	2.8377427893902e-32
9.24	9.89076850701766e-31
9.26	1.51754326895761e-30
9.28	4.16255083769131e-32
9.3	2.1597263037343e-31
9.32	5.18927564498603e-31
9.34	1.036235182611e-30
9.36	1.27500247764061e-30
9.38	1.1207566252179e-30
9.4	4.87519274363214e-30
9.42	7.02009066217143e-31
9.44	1.48419930261378e-29
9.46	8.23522601254765e-30
9.48	1.54980933920039e-30
9.5	7.32616424793049e-31
9.52	1.46022881280519e-31
9.54	9.0772629663301e-31
9.56	4.49674281675981e-30
9.58	7.34406069837241e-30
9.6	9.07675746109679e-30
9.62	1.19067256057729e-30
9.64	7.28270189091508e-31
9.66	2.29304404487893e-30
9.68	2.7142268861343e-30
9.7	1.47063525247774e-32
9.72	3.79960556671613e-30
9.74	4.68922117959347e-30
9.76	7.85213685561337e-31
9.78	2.94969727330172e-31
9.8	5.19189271375896e-30
9.82	5.31617982053775e-30
9.84	3.35264677607018e-30
9.86	2.09064171123343e-30
9.88	3.62133417155901e-30
9.9	1.33378446226245e-30
9.92	4.06152172207e-30
9.94	5.29876912914044e-30
9.96	4.29962918135649e-30
9.98	4.0524975042003e-31
10	2.60517780834367e-30
10.02	1.58264031085945e-32
10.04	7.0940992123695e-30
10.06	7.42989707781783e-31
10.08	3.29667949130224e-31
10.1	1.79518531250186e-30
10.12	1.51666583881252e-30
10.14	8.18028813448855e-32
10.16	5.0458503642227e-31
10.18	1.89339213750288e-32
10.2	4.42183615778741e-30
10.22	1.92175471956631e-29
10.24	8.35107985542522e-30
10.26	5.71669960942706e-30
10.28	2.8348598544759e-31
10.3	2.72904597311756e-33
10.32	1.29360522647796e-29
10.34	4.13171915617437e-30
10.36	9.12775388382732e-30
10.38	9.74360673980862e-31
10.4	2.51019512378764e-30
10.42	5.53447174247989e-30
10.44	2.11243093337338e-30
10.46	1.01256400407752e-31
10.48	1.8338493829863e-32
10.5	3.4018880904527e-31
10.52	5.03956811886252e-32
10.54	4.57282301385313e-31
10.56	4.13741465880436e-31
10.58	7.71728755235621e-31
10.6	2.06107347387409e-30
10.62	6.95657787147089e-31
10.64	3.60619336684886e-31
10.66	2.177856049243e-31
10.68	8.11822750722814e-30
10.7	3.35190341506215e-31
10.72	3.80877530942869e-31
10.74	3.84339436653214e-31
10.76	5.59043823284428e-31
10.78	8.67426672468136e-31
10.8	1.46272700210189e-30
10.82	7.48342549778458e-30
10.84	9.14087931033348e-32
10.86	3.86038981435801e-30
10.88	1.50302001504527e-30
10.9	3.79330331487469e-31
10.92	3.18118827002774e-31
10.94	8.17285196830684e-31
10.96	1.8977615513806e-30
10.98	1.84711649661746e-30
11	7.42607599843041e-30
11.02	1.26786015602753e-29
11.04	9.20761567217351e-30
11.06	4.73263196072561e-31
11.08	2.80984736178215e-30
11.1	3.65837561694803e-31
11.12	2.66458248838052e-32
11.14	5.57955689166091e-32
11.16	7.39207822162048e-32
11.18	3.0575717174803e-31
11.2	3.46684960747392e-31
11.22	1.56824138433942e-31
11.24	1.28068513830955e-30
11.26	2.10410276176885e-30
11.28	5.01959780910625e-31
11.3	4.10782665223573e-31
11.32	4.18792727238753e-31
11.34	2.31043724242612e-30
11.36	4.05610499545832e-30
11.38	1.95506003017859e-30
11.4	6.23717244716283e-31
11.42	2.1106861103897e-31
11.44	9.31904644029075e-31
11.46	4.84663224165455e-32
11.48	1.14471162271441e-31
11.5	5.45609207938197e-31
11.52	8.66530489715874e-31
11.54	6.68855350029811e-31
11.56	1.90177364625074e-30
11.58	6.26429424136209e-30
11.6	4.58456241804981e-31
11.62	1.54670499971343e-30
11.64	2.73344484631393e-30
11.66	8.3035225678851e-31
11.68	1.09590719513208e-30
11.7	1.19057960854044e-30
11.72	3.82113904905483e-30
11.74	3.89557793879037e-30
11.76	4.10071577345189e-30
11.78	1.40067608675157e-29
11.8	9.69393599882374e-30
11.82	1.06679203301466e-29
11.84	5.62564007076066e-30
11.86	2.52056674232804e-29
11.88	1.77957342460347e-29
11.9	2.9681165783206e-29
11.92	8.99337076061285e-26
11.94	5.79487278145915e-21
11.96	8.74508223955933e-17
11.98	2.06344739220128e-13
12	5.57821580564323e-11
12.02	1.41535547892216e-09
12.04	2.1715357660036e-09
12.06	7.99249294730883e-11
12.08	5.52592571358362e-15
12.1	5.28982801691962e-20
12.12	1.4682085780889e-25
12.14	5.03529982449469e-31
12.16	1.15746481628319e-29
12.18	2.02959100296721e-31
12.2	1.31007182039161e-30
12.22	1.19545924860319e-31
12.24	4.80863163172723e-30
12.26	1.13359941166886e-30
12.28	5.86203519180793e-32
12.3	4.10401502313729e-31
12.32	2.89165013605949e-30
12.34	8.75768292163554e-30
12.36	1.20643330969778e-30
12.38	5.10639331382605e-31
12.4	3.55390748165122e-30
12.42	1.6044522668315e-30
12.44	4.98301969512891e-30
12.46	6.57524454814792e-31
12.48	6.53398823575389e-30
12.5	3.06793395628767e-30
12.52	1.31912595689461e-29
12.54	3.57008723353836e-30
12.56	3.76408626062481e-30
12.58	2.03645432627185e-30
12.6	6.47945441582059e-31
12.62	9.78841465919555e-30
12.64	2.10602028969712e-29
12.66	1.07320229906632e-30
12.68	9.7663911084012e-30
12.7	2.26979409960422e-29
12.72	8.00674060588515e-30
12.74	1.05237034498807e-29
12.76	7.50944093773252e-31
12.78	3.21027383016572e-31
12.8	7.10660654888987e-30
12.82	1.34179979045339e-30
12.84	1.39709810218467e-30
12.86	5.26184091015629e-30
12.88	8.52403393849334e-30
12.9	1.77901842961083e-30
12.92	2.07451844756071e-30
12.94	4.07132186873085e-30
12.96	1.02424933568147e-30
12.98	5.36984101589317e-31
13	1.18044459828354e-31
13.02	6.08149040091295e-31
13.04	1.06521677424654e-30
13.06	1.51618297634241e-30
13.08	8.97592704305567e-31
13.1	3.5930900596482e-31
13.12	4.49721994873394e-31
13.14	4.97781323303329e-27
13.16	6.1393834242455e-22
13.18	7.18991685142144e-20
13.2	1.45387116125788e-23
13.22	3.57401283856285e-30
13.24	1.01103529523452e-29
13.26	6.76716639310255e-30
13.28	2.75169863324967e-32
13.3	1.0991908881626e-31
13.32	4.00041427537553e-32
13.34	6.87120263834982e-30
13.36	8.38396853955149e-31
13.38	4.81358925717107e-30
13.4	1.51996645705903e-30
13.42	1.41978549530291e-30
13.44	3.02977840230458e-30
13.46	8.83827009675381e-30
13.48	6.46829296894097e-32
13.5	8.56708727839095e-31
13.52	1.45388817449523e-31
13.54	1.25890120138981e-31
13.56	2.5048599946955e-30
13.58	7.08071471101663e-31
13.6	4.85514875062062e-30
13.62	4.55467226020048e-30
13.64	1.51352888901369e-29
13.66	1.11492104636713e-30
13.68	3.58268680316233e-30
13.7	4.85581244202846e-31
13.72	4.65765410284776e-31
13.74	2.60774130511179e-30
13.76	4.1835212805959e-30
13.78	2.13804778522777e-31
13.8	1.77649077686189e-30
13.82	1.75700977660521e-30
13.84	1.21112415082027e-31
13.86	7.42202048172587e-31
13.88	5.02807286777793e-31
13.9	4.69804043171706e-30
13.92	2.85873734614343e-30
13.94	3.89760012818002e-30
13.96	5.30720057091803e-30
13.98	5.94417856112424e-30
14	3.18192753829301e-30
14.02	4.32483479693235e-33
14.04	1.06915794807848e-30
14.06	6.77226654730045e-31
14.08	6.53373336023581e-31
14.1	5.80903175997185e-31
14.12	4.37970454578725e-31
14.14	8.86525921854848e-31
14.16	5.2259734548023e-31
14.18	1.11166350091475e-30
14.2	3.39124164366631e-30
14.22	1.2020254505836e-30
14.24	3.06658870763802e-31
14.26	1.06687003709478e-30
14.28	1.17505718848232e-30
14.3	2.53699051689184e-30
14.32	5.75974280743817e-30
14.34	1.5251036714963e-32
14.36	5.42709876125729e-31
14.38	4.37883290718931e-30
14.4	7.05783149599278e-30
14.42	3.73752926162174e-31
14.44	2.11668172389257e-31
14.46	4.09381531268414e-31
14.48	6.5317037023794e-31
14.5	1.58440056924388e-31
14.52	6.7873428444135e-31
14.54	7.22209687321407e-30
14.56	1.74434838832382e-30
14.58	3.91067000663661e-30
14.6	1.21578889206045e-29
14.62	1.9813372162673e-29
14.64	6.95432645214766e-30
14.66	2.38070371364462e-29
14.68	9.09862305635475e-30
14.7	1.16590719844743e-30
14.72	1.4178652732534e-30
14.74	7.87497459111354e-30
14.76	2.14063829187882e-30
14.78	1.69839229557808e-30
14.8	6.57311712002427e-30
14.82	5.63135725368228e-30
14.84	8.74706464697907e-30
14.86	7.67415791197568e-30
14.88	1.66072263109248e-27
14.9	4.14298966591114e-21
14.92	5.79458435090617e-16
14.94	6.27612346725339e-12
14.96	8.35589137807085e-09
14.98	1.89791274053584e-06
15	9.32836625025511e-05
15.02	0.00115727428176473
15.04	0.00372333103242703
15.06	0.00246527989627272
15.08	0.000173202423567815
15.1	4.97131325595867e-07
15.12	1.91115326382323e-11
15.14	5.06811934490946e-19
15.16	1.08281728300762e-29
15.18	2.03827211687316e-30
15.2	5.00840480732885e-30
15.22	5.38309509941146e-31
15.24	2.23228302191904e-31
15.26	7.15812502982578e-31
15.28	2.33696777894597e-30
15.3	1.92027999421757e-30
15.32	7.96109211760083e-30
15.34	5.28814719511043e-30
15.36	1.77522051147291e-29
15.38	5.74525537938144e-30
15.4	4.99139519769639e-30
15.42	1.40578122733638e-29
15.44	2.56541843930916e-31
15.46	3.83778403751253e-30
15.48	7.22556941382646e-31
15.5	2.14159956931731e-33
15.52	9.09719030275999e-30
15.54	4.73416953140286e-30
15.56	1.24924865949023e-29
15.58	8.48826046916131e-31
15.6	1.47104542702067e-29
15.62	3.16137035527102e-31
15.64	5.17458824318824e-30
15.66	2.33115813065935e-30
15.68	1.2741957670193e-29
15.7	5.8693269013951e-30
15.72	1.23222969794255e-29
15.74	6.95715759285649e-30
15.76	2.61751090410769e-29
15.78	4.87256167900368e-30
15.8	4.35934104162253e-28
15.82	3.50847535099996e-28
15.84	1.54449268646104e-29
15.86	1.03011243934053e-30
15.88	5.72164608337155e-31
15.9	2.46374037093025e-30
15.92	2.76109347207669e-30
15.94	2.26872584797877e-30
15.96	2.80488484169579e-30
15.98	2.7374097578417e-30
16	3.5806540079364e-30
16.02	3.21642126354407e-30
16.04	2.7177483425095e-31
16.06	1.39576826941998e-28
16.08	2.35211977840415e-25
16.1	1.54317078486785e-21
16.12	1.38909568545016e-17
16.14	2.29409345311433e-14
16.16	2.10448899738745e-13
16.18	2.2436530504211e-17
16.2	4.20799862156501e-29
16.22	6.60080763796833e-31
16.24	9.44052943558881e-33
16.26	3.66666614881899e-30
16.28	1.35105926509129e-29
16.3	3.65651297004839e-30
16.32	9.31047423511725e-31
16.34	1.42590675554973e-30
16.36	6.41395476568326e-31
16.38	1.41391033034934e-31
16.4	6.27598436372908e-30
16.42	8.0307172734107e-30
16.44	3.54065268563215e-29
16.46	9.6429353989675e-30
16.48	4.43547225620401e-30
16.5	9.51184323088908e-31
16.52	1.70779350495431e-31
16.54	1.36327517023613e-30
16.56	6.72306289217218e-30
16.58	7.04322624111795e-30
16.6	1.7799132422281e-29
16.62	1.83062667288529e-30
16.64	9.2015789468368e-31
16.66	1.42186224874969e-31
16.68	1.6910743084102e-30
16.7	8.81735673242946e-31
16.72	6.81809762645102e-31
16.74	2.24780110640815e-31
16.76	3.71743629583261e-30
16.78	9.61343754229774e-30
16.8	8.33006263338193e-31
16.82	5.47334261181971e-31
16.84	4.94366911471088e-31
16.86	6.02116016571025e-32
16.88	3.97008168069589e-30
16.9	2.73103201113044e-31
16.92	1.07717197708244e-30
16.94	1.57803952558614e-30
16.96	5.56858182995561e-31
16.98	3.82329234598261e-32
17	1.1394813728959e-30
17.02	4.18811204198405e-31
17.04	1.29102949849851e-30
17.06	4.25726348370897e-30
17.08	3.08763733596119e-30
17.1	2.36086269891738e-31
17.12	4.97167234427706e-31
17.14	3.48626330509056e-31
17.16	1.34156149556351e-32
17.18	1.62106867701601e-30
17.2	1.63691327232968e-30
17.22	3.19533986617093e-31
17.24	1.74323966643561e-30
17.26	5.94640995927155e-30
17.28	2.51835268968066e-31
17.3	1.09566141515568e-29
17.32	9.54533356543929e-31
17.34	1.29765560029274e-29
17.36	7.71396676372482e-30
17.38	1.78906203926337e-31
17.4	2.13456439324158e-30
17.42	6.64283463537992e-30
17.44	1.40959334948545e-30
17.46	9.8514192236175e-32
17.48	8.10276336391325e-31
17.5	6.67103619531071e-31
17.52	1.20274893479891e-31
17.54	3.72117206598422e-31
17.56	2.28128497172984e-30
17.58	2.87461728530989e-30
17.6	9.53115946376267e-30
17.62	2.97187800177499e-31
17.64	8.17754751468076e-30
17.66	1.19197049286615e-29
17.68	1.72802324558355e-29
17.7	1.85950434451876e-29
17.72	5.04215520224285e-30
17.74	5.57020580311046e-30
17.76	8.19628034431701e-30
17.78	3.59253478016025e-30
17.8	1.62679252943805e-29
17.82	1.16428520646919e-29
17.84	4.34532499362198e-29
17.86	2.00746729616047e-22
17.88	5.98123019653954e-15
17.9	1.52010024728219e-09
17.92	8.97885286647e-06
17.94	0.00270336390660963
17.96	0.0790846807938776
17.98	0.386912166657377
18	0.558752781630952
18.02	0.423195835437794
18.04	0.223204188859499
18.06	0.0745415430454067
18.08	0.0119998411951884
18.1	0.00038657307720601
18.12	9.45359965466766e-08
18.14	1.14107897008679e-12
18.16	2.72369755364006e-22
18.18	1.04125395986864e-29
18.2	1.44847280475379e-29
18.22	1.82160317615263e-30
18.24	1.59410396222552e-29
18.26	9.09482129739251e-30
18.28	3.71623828737631e-30
18.3	9.87829878571259e-31
18.32	6.2512269073152e-31
18.34	1.95606906012355e-30
18.36	4.47581926828316e-30
18.38	7.03482140844594e-32
18.4	1.17524379327837e-30
18.42	7.48583263475333e-31
18.44	4.65663778745289e-31
18.46	3.93662596919481e-32
18.48	2.6454793993493e-31
18.5	4.47335264324156e-31
18.52	8.04266548209104e-30
18.54	6.22222391645058e-31
18.56	6.2063911360936e-30
18.58	7.80521588529685e-30
18.6	1.38064903706722e-30
18.62	1.13974066333137e-30
18.64	6.63781758593406e-30
18.66	2.31757126347386e-30
18.68	1.08645201368956e-29
18.7	8.14377058944389e-31
18.72	5.15949901325637e-30
18.74	7.22347075622431e-31
18.76	4.73572032763632e-30
18.78	2.49951931273378e-24
18.8	6.69912917042859e-19
18.82	8.08252606948854e-17
18.84	5.61963998129597e-17
18.86	2.3780770400013e-18
18.88	3.69297786016937e-20
18.9	7.76429755421015e-22
18.92	4.55349181394103e-23
18.94	8.89587107347537e-24
18.96	5.22642178907655e-24
18.98	8.05888493631209e-24
19	3.06265510029441e-23
19.02	2.97535975303542e-22
19.04	8.24183691327192e-21
19.06	7.18992091495535e-19
19.08	1.85849073973368e-16
19.1	8.98806013817987e-14
19.12	2.51305657310943e-11
19.14	4.25794295673101e-10
19.16	9.72285522672919e-12
19.18	4.96086987023067e-19
19.2	1.20562168698396e-30
19.22	3.84031542493384e-30
19.24	3.55925332503713e-30
19.26	8.62266700041675e-31
19.28	1.76503860340017e-30
19.3	6.41879278196703e-30
19.32	1.22789234824997e-29
19.34	7.379331247054e-30
19.36	2.77974438000391e-31
19.38	7.25351503249356e-30
19.4	2.78768605893079e-30
19.42	5.77395413834108e-30
19.44	3.72636165879493e-30
19.46	8.15434768288523e-30
19.48	5.17281678341526e-30
19.5	3.80086845212575e-30
19.52	1.35332978822936e-29
19.54	2.4077975657751e-30
19.56	3.96691807204e-30
19.58	2.89807269707728e-30
19.6	5.07000845601768e-30
19.62	1.40989075556148e-29
19.64	4.3138928989235e-31
19.66	5.82892364942238e-30
19.68	1.17246624043147e-29
19.7	5.21778448805788e-31
19.72	2.70096013499771e-30
19.74	6.00511110598873e-30
19.76	2.83081255181476e-30
19.78	9.77299087696337e-31
19.8	5.77574897828661e-30
19.82	2.57656288021941e-30
19.84	1.75346094326312e-30
19.86	1.21356403205539e-31
19.88	3.06221626171585e-31
19.9	5.05702663687584e-30
19.92	2.08270293365976e-30
19.94	1.30680086955544e-30
19.96	1.64672010334791e-30
19.98	1.06831860788413e-29
20	7.21207614465214e-30
20.02	2.09235686109501e-30
20.04	3.38434661746423e-30
20.06	1.21668453764157e-30
20.08	5.79155594977561e-31
20.1	8.71363534833129e-32
20.12	1.91024309028137e-30
20.14	4.57220919994087e-30
20.16	4.10773861599473e-33
20.18	3.47807250933078e-30
20.2	3.8660429701411e-31
20.22	7.01672937687806e-30
20.24	8.92974975791121e-31
20.26	5.01097274902714e-30
20.28	3.54975679853483e-33
20.3	1.60413141090091e-29
20.32	2.43158901457256e-30
20.34	6.28011790578087e-30
20.36	5.77952654459004e-33
20.38	1.36538446969993e-29
20.4	4.23456149226859e-30
20.42	2.00048588384408e-30
20.44	3.74613076344147e-30
20.46	1.08422088266305e-29
20.48	6.09791501425478e-31
20.5	9.65982193426318e-31
20.52	8.16037976651592e-32
20.54	1.06773096186952e-30
20.56	3.04968491130629e-30
20.58	2.30867287458106e-31
20.6	3.20116172302068e-30
20.62	7.31749856825627e-30
20.64	8.85206018924505e-30
20.66	8.51333512960425e-30
20.68	7.16272032814662e-30
20.7	8.09974972932759e-30
20.72	5.74713738537183e-30
20.74	3.23189670985832e-30
20.76	2.91428882287906e-29
20.78	1.2535319085106e-29
20.8	4.25290057315085e-29
20.82	4.94119564141909e-29
20.84	3.86812512442765e-18
20.86	2.42682045092575e-10
20.88	9.66814800487643e-06
20.9	0.00441214885322491
20.92	0.11761529797279
20.94	0.151296194471623
20.96	0.038677968955848
20.98	0.00952264746064703
21	0.00366295780330222
21.02	0.00245556700072168
21.04	0.00252605562842634
21.06	0.00349824137707149
21.08	0.00783074370049089
21.1	0.00635137010994555
21.12	0.000221765730688397
21.14	1.95690070396737e-08
21.16	2.38050192897636e-17
21.18	2.81341955851502e-29
21.2	1.90147235505256e-30
21.22	8.40818441492226e-30
21.24	1.92689684462432e-30
21.26	1.52586851274431e-29
21.28	1.70965392752028e-29
21.3	3.944494080488e-30
21.32	4.2690491830355e-31
21.34	1.34079391037989e-30
21.36	2.43177699391667e-30
21.38	1.51576271790289e-29
21.4	3.93563373136919e-31
21.42	8.96749730205163e-31
21.44	2.7858436402946e-30
21.46	2.67140376839564e-31
21.48	5.76850797108152e-31
21.5	4.38048994116131e-32
21.52	8.20920436964526e-30
21.54	1.70546984568847e-29
21.56	2.75783531488698e-31
21.58	2.15028677042708e-30
21.6	1.05985602307109e-29
21.62	9.69960277238889e-30
21.64	2.06473396830212e-31
21.66	5.97399539580794e-30
21.68	2.25653007788537e-32
21.7	7.76088990162114e-31
21.72	4.21907626213397e-30
21.74	6.43094015366521e-30
21.76	9.61987248357064e-31
21.78	3.58191324660706e-24
21.8	4.74338592101632e-17
21.82	4.15205849311162e-13
21.84	7.40771587660433e-12
21.86	2.39673281220719e-12
21.88	1.08936852173187e-13
21.9	3.21262793393985e-15
21.92	1.64747785067491e-16
21.94	2.24002905258365e-17
21.96	8.4082623133689e-18
21.98	7.9832309603639e-18
22	1.79742759420667e-17
22.02	9.6499243329668e-17
22.04	1.30719705949391e-15
22.06	4.60293272669012e-14
22.08	3.62483669592453e-12
22.1	3.57253579744916e-10
22.12	1.12576978320986e-08
22.14	8.20480634681951e-09
22.16	1.14198408314049e-12
22.18	4.74610610614604e-22
22.2	3.21539781734262e-32
22.22	2.23539747018268e-30
22.24	1.17556373736359e-29
22.26	8.5704880674799e-31
22.28	6.86141667763064e-30
22.3	1.42621047562079e-29
22.32	3.73396223729221e-30
22.34	2.00771843252002e-30
22.36	1.09822259013851e-29
22.38	1.03412625115005e-29
22.4	5.2068063957284e-30
22.42	1.5155226805617e-29
22.44	9.50964445828961e-31
22.46	8.24485381238623e-30
22.48	6.31067164872286e-31
22.5	1.91823937206309e-31
22.52	8.63495480993008e-30
22.54	4.08829177666212e-30
22.56	1.30341367640412e-29
22.58	3.9597096555943e-30
22.6	8.67518591888641e-30
22.62	1.40953127011227e-30
22.64	3.54690125876186e-30
22.66	9.69754367298381e-30
22.68	3.08066890785462e-30
22.7	2.56573057701286e-30
22.72	2.32652160934793e-31
22.74	1.07311290315526e-30
22.76	1.39333671587293e-30
22.78	6.05488421647859e-31
22.8	2.23664241414363e-30
22.82	5.27267157897068e-30
22.84	3.53344276917152e-30
22.86	5.26336712053597e-31
22.88	3.33343098024153e-31
22.9	2.82035230609867e-30
22.92	1.77178179958964e-31
22.94	5.90367995049696e-30
22.96	9.75590347783764e-30
22.98	1.34695621050558e-29
23	5.92245808361656e-30
23.02	6.44080192261177e-30
23.04	9.96760628251813e-30
23.06	5.06514184265014e-30
23.08	1.13382244729472e-30
23.1	5.76485645259502e-31
23.12	7.33606789503467e-31
23.14	1.10105863166811e-30
23.16	2.73415747623039e-30
23.18	6.29017241607293e-30
23.2	3.46949552850919e-30
23.22	1.61882902514152e-29
23.24	3.99046535822266e-30
23.26	1.68598116023147e-31
23.28	1.77659367488109e-29
23.3	1.42606162738375e-29
23.32	1.21264011342341e-30
23.34	8.27543891107436e-30
23.36	2.04073265380424e-31
23.38	8.54283010558954e-31
23.4	4.27471891145831e-30
23.42	6.77730546250328e-30
23.44	4.35054255245882e-29
23.46	9.55778152332845e-30
23.48	2.39743086578468e-30
23.5	5.04257415248314e-31
23.52	1.93009234909343e-30
23.54	2.62380534420789e-30
23.56	4.53247538194747e-30
23.58	7.25421287194695e-31
23.6	3.20869340724448e-29
23.62	1.10549417064267e-31
23.64	1.32269104465274e-29
23.66	6.31972660987816e-30
23.68	2.13593703911243e-30
23.7	4.54422959106155e-30
23.72	1.58028818994559e-30
23.74	6.09556823621287e-30
23.76	4.07889366788751e-30
23.78	8.05973586287579e-30
23.8	1.84101319377262e-30
23.82	1.59597647989836e-21
23.84	1.51913086632387e-12
23.86	1.26136993327669e-06
23.88	0.00288742885798377
23.9	0.0147071323190381
23.92	0.00220002925712828
23.94	0.000447899728524015
23.96	0.000178881721865564
23.98	6.98542083774318e-05
24	3.39518336532787e-05
24.02	2.30437254120338e-05
24.04	2.0285102444912e-05
24.06	4.87211263674265e-05
24.08	0.000310444167352365
24.1	0.00117281258348212
24.12	0.000304044123348755
24.14	2.78616622581865e-07
24.16	6.06305740632439e-15
24.18	3.39083086377925e-30
24.2	8.81514196235117e-32
24.22	3.05571865792965e-30
24.24	6.93972111385592e-31
24.26	3.56348549386873e-30
24.28	3.95852006467497e-30
24.3	1.93559518236216e-30
24.32	9.75234629360405e-30
24.34	7.07721797669967e-30
24.36	7.3779129875956e-30
24.38	1.93520476347325e-30
24.4	4.51115241484006e-30
24.42	3.98669307413645e-30
24.44	4.98971819726688e-30
24.46	7.85901019148096e-30
24.48	2.39200802234338e-30
24.5	8.41511712766103e-31
24.52	6.43008567856898e-31
24.54	9.36261496532109e-31
24.56	8.40593191247903e-30
24.58	3.99052582284088e-30
24.6	1.10223006992576e-29
24.62	1.49022507275932e-30
24.64	2.00957446817592e-30
24.66	9.64076590712537e-32
24.68	1.27626362862966e-29
24.7	7.64392595046863e-30
24.72	5.11030147759517e-30
24.74	3.06330918047739e-30
24.76	3.90006898055231e-30
24.78	1.58341754875944e-27
24.8	1.0112159083285e-17
24.82	7.94724647876394e-12
24.84	2.00910435560211e-09
24.86	2.73601094607065e-09
24.88	2.53249641777479e-10
24.9	9.45081177748301e-12
24.92	4.54835353107355e-13
24.94	4.9998202312731e-14
24.96	1.43326031248616e-14
24.98	1.0171659253527e-14
25	1.67818476434593e-14
25.02	6.36147140010032e-14
25.04	5.68518089642281e-13
25.06	1.18148142609112e-11
25.08	4.63745471101472e-10
25.1	1.78826638010874e-08
25.12	1.58507858495478e-07
25.14	2.14357267569203e-08
25.16	4.24331986585342e-13
25.18	4.74409820519012e-24
25.2	2.27735715647566e-29
25.22	1.46505683257461e-29
25.24	1.63316038476061e-30
25.26	8.98133327670917e-30
25.28	5.05484386506071e-30
25.3	1.98551599995245e-30
25.32	2.24707467195856e-30
25.34	2.48270078168464e-29
25.36	2.8219984877759e-29
25.38	3.69676872446515e-30
25.4	2.14921557932075e-29
25.42	1.97020989745855e-30
25.44	2.08395627743712e-31
25.46	2.50894659049156e-31
25.48	1.49483115826912e-31
25.5	4.03125295617622e-31
25.52	7.68097057964421e-30
25.54	1.06785737096855e-30
25.56	5.31454781452006e-30
25.58	7.37687808082036e-30
25.6	1.26719937081572e-29
25.62	1.43995935422347e-29
25.64	7.96666646407841e-30
25.66	3.0820692500831e-30
25.68	6.9098037690239e-31
25.7	1.49856506335782e-30
25.72	2.61959510501093e-31
25.74	1.91455381119191e-29
25.76	9.92694650876653e-30
25.78	6.09171367089185e-30
25.8	1.97964311360821e-30
25.82	1.74305187841048e-30
25.84	1.57673456447769e-30
25.86	5.44293784093429e-31
25.88	8.49910621629353e-33
25.9	3.09025967484625e-30
25.92	6.14890785933407e-30
25.94	5.61903881969109e-30
25.96	8.70515662317528e-30
25.98	1.94794393214754e-29
26	5.57041362578841e-30
26.02	1.62157497818409e-29
26.04	4.73363589713585e-30
26.06	9.73412251756441e-31
26.08	4.14967742538444e-30
26.1	5.02379237940109e-30
26.12	1.45006003654148e-30
26.14	1.43443082633868e-31
26.16	4.08846906728452e-30
26.18	2.72626817823809e-27
26.2	3.17329896271107e-27
26.22	3.44027084395235e-30
26.24	5.69650857515427e-31
26.26	9.21120947105184e-30
26.28	4.39988191825113e-31
26.3	1.57186369070898e-31
26.32	1.89065512173533e-30
26.34	6.90979484665541e-32
26.36	1.30229641207671e-29
26.38	8.72284316198036e-30
26.4	2.31779223524155e-30
26.42	6.06801093904681e-30
26.44	2.21540958080868e-30
26.46	9.28716118293156e-30
26.48	6.57663722741165e-30
26.5	6.08515202242441e-31
26.52	1.36355829453817e-29
26.54	2.69672544102047e-30
26.56	5.3315801345183e-30
26.58	4.15162241628804e-30
26.6	1.3384359876241e-29
26.62	1.48646898532003e-30
26.64	1.73149420152758e-29
26.66	1.09256571030307e-30
26.68	1.17216940788632e-29
26.7	1.77710222943384e-30
26.72	3.47602161536212e-30
26.74	7.88320027296628e-31
26.76	5.5945293735843e-30
26.78	9.5056401313457e-31
26.8	1.62712899785756e-27
26.82	8.46719994014448e-17
26.84	1.99162428115124e-08
26.86	0.000328940521702395
26.88	0.0026815851252028
26.9	0.000290879290548593
26.92	3.09773733569783e-05
26.94	2.77467325429842e-06
26.96	1.74061767867741e-06
26.98	1.12815252539857e-06
27	6.33728976852069e-07
27.02	3.10426861186095e-07
27.04	2.33678758356275e-07
27.06	4.02548095297171e-06
27.08	5.90113904838954e-05
27.1	0.000234313258149055
27.12	9.58780176874316e-05
27.14	2.10243300034014e-07
27.16	1.51951600264283e-14
27.18	2.0163417431551e-29
27.2	6.28794535895491e-30
27.22	5.88405074268587e-30
27.24	7.03000167196737e-30
27.26	3.56138692239048e-30
27.28	4.48393457557202e-30
27.3	2.38444613497778e-30
27.32	1.37425491065981e-29
27.34	7.86142615439306e-31
27.36	2.18282204542907e-30
27.38	8.20794639571253e-30
27.4	1.93607417221231e-29
27.42	5.80115401717505e-30
27.44	2.61173942062543e-29
27.46	1.36910786787233e-29
27.48	7.94954237467339e-30
27.5	1.36891750316665e-30
27.52	8.79121867972756e-31
27.54	9.47084918303968e-31
27.56	4.20174999330412e-30
27.58	1.34979373554544e-29
27.6	2.77927633740337e-30
27.62	4.51778342932474e-30
27.64	4.26530939421174e-30
27.66	1.07768032175699e-30
27.68	9.44529317311749e-30
27.7	2.68001354458568e-30
27.72	5.01655119680985e-30
27.74	1.62958751205407e-29
27.76	1.10768604246823e-30
27.78	2.28003105360739e-29
27.8	1.07096290891596e-19
27.82	1.9729908128935e-12
27.84	7.49971687884025e-09
27.86	5.30572886513817e-08
27.88	1.20366084208987e-08
27.9	6.95855676811397e-10
27.92	3.85902024299275e-11
27.94	4.11726955522594e-12
27.96	1.0508400340492e-12
27.98	6.34872436568414e-13
28	8.62113941259342e-13
28.02	2.58272132364267e-12
28.04	1.71849820941477e-11
28.06	2.43131929431163e-10
28.08	5.69376357641861e-09
28.1	1.07908117959335e-07
28.12	3.50642639717277e-07
28.14	1.10199232410281e-08
28.16	3.18058191437158e-14
28.18	1.04860457201053e-24
28.2	3.07612198418316e-29
28.22	2.15226779119116e-29
28.24	1.87574684573953e-29
28.26	2.18382418644036e-29
28.28	2.8142181100476e-31
28.3	3.06849208741248e-30
28.32	7.74409851552256e-30
28.34	1.16858579003856e-29
28.36	3.64057759217935e-30
28.38	3.03563272783607e-29
28.4	3.13129044027944e-30
28.42	2.18079630514432e-31
28.44	1.80576280713612e-29
28.46	5.01325601049846e-31
28.48	1.78494395953563e-30
28.5	1.74165678620365e-31
28.52	9.47947712882302e-30
28.54	2.06993840259985e-29
28.56	7.26467804965786e-32
28.58	2.0646191091067e-30
28.6	2.02491027476442e-29
28.62	3.96138227825108e-31
28.64	1.76240230601429e-30
28.66	3.99605880753063e-30
28.68	5.37467265719654e-30
28.7	1.20186116729727e-29
28.72	7.33906326891832e-31
28.74	7.6489966996533e-30
28.76	1.16114514086412e-29
28.78	2.4744191323277e-30
28.8	4.01144906662293e-30
28.82	2.62708994432141e-30
28.84	6.75201705081521e-30
28.86	1.05535601558358e-30
28.88	3.36733863418859e-30
28.9	1.16603739405513e-30
28.92	1.63645602227171e-30
28.94	6.62689037038947e-30
28.96	1.06783973143456e-29
28.98	3.20142729141957e-29
29	2.66107273260672e-29
29.02	3.44823147306647e-29
29.04	1.58262629323753e-28
29.06	2.85044778671348e-27
29.08	5.19162089535103e-26
29.1	8.95807322524661e-26
29.12	2.26159358027258e-26
29.14	8.84407103839363e-25
29.16	4.26420337267146e-21
29.18	4.62733381009084e-20
29.2	6.25243261183127e-24
29.22	1.64948214132053e-30
29.24	1.61052191353867e-30
29.26	3.21503188210674e-30
29.28	9.77935706378455e-30
29.3	1.05821617148143e-29
29.32	8.8399321384565e-30
29.34	1.80798632188055e-29
29.36	6.23898620213839e-31
29.38	1.23976429199772e-29
29.4	4.36546747869605e-30
29.42	1.68336704004309e-29
29.44	4.33590109494348e-31
29.46	8.9558764674129e-30
29.48	2.33007374378471e-31
29.5	1.00301598415754e-30
29.52	1.59958024047384e-29
29.54	5.5752547578098e-30
29.56	1.1682635620993e-29
29.58	1.45393087355508e-29
29.6	6.31738138704608e-30
29.62	9.8640152871683e-30
29.64	1.81116595132979e-30
29.66	1.02755608013467e-30
29.68	2.49112805992978e-30
29.7	6.34447385072638e-30
29.72	6.82856465320866e-31
29.74	2.61520049034952e-30
29.76	1.2832734761117e-30
29.78	1.62842004383395e-30
29.8	2.29307544773424e-24
29.82	2.60808170132289e-14
29.84	2.6552613587573e-07
29.86	0.000214924098357726
29.88	0.000299626080201032
29.9	5.20186162152993e-05
29.92	5.74411357522407e-06
29.94	2.7753887522866e-07
29.96	4.22021089500681e-08
29.98	9.13134812307456e-08
30	4.05020745028962e-07
30.02	2.07081710815492e-06
30.04	1.91953908222515e-06
30.06	9.76647121116182e-07
30.08	8.76156455071134e-06
30.1	3.65071154915422e-05
30.12	2.07897548883802e-05
30.14	7.28201043455566e-08
30.16	8.48263954448147e-15
30.18	2.95073334763489e-29
30.2	5.05913722675339e-31
30.22	2.46367711993222e-30
30.24	1.43228823213521e-29
30.26	1.07403633775935e-29
30.28	1.00238006142749e-30
30.3	2.09531565073662e-31
30.32	2.13800828082001e-30
30.34	3.20412528835208e-29
30.36	1.32907929244534e-30
30.38	1.44028505218719e-30
30.4	2.15914664440185e-30
30.42	1.16317950376439e-29
30.44	7.98881583952012e-29
30.46	5.57021784229895e-30
30.48	2.84871629193761e-30
30.5	2.57082230033453e-30
30.52	7.23132581563041e-30
30.54	1.19484521043117e-30
30.56	5.65526778403583e-30
30.58	4.38469506287395e-30
30.6	2.59634859854594e-29
30.62	4.66981159490107e-30
30.64	3.35943866388706e-29
30.66	1.25196273483675e-30
30.68	6.47791922414379e-31
30.7	2.32432087525504e-29
30.72	7.40283447115137e-30
30.74	6.3060535984756e-30
30.76	3.33376011974581e-29
30.78	1.17743569041364e-29
30.8	6.98451184434536e-21
30.82	8.60801888693178e-13
30.84	1.76463957504556e-08
30.86	2.75771650171166e-07
30.88	9.18283525005244e-08
30.9	6.21001879438054e-09
30.92	3.50532774052834e-10
30.94	3.53518724049399e-11
30.96	8.27332182544573e-12
30.98	4.53351481546421e-12
31	5.54477437039757e-12
31.02	1.47915272104784e-11
31.04	8.58076997420735e-11
31.06	1.02118176752601e-09
31.08	1.89982722501944e-08
31.1	2.61387039679926e-07
31.12	5.30474551899709e-07
31.14	7.53422940570101e-09
31.16	1.72833552995629e-15
31.18	2.38496647810454e-25
31.2	2.00758892763629e-30
31.22	5.52921741570756e-30
31.24	3.85155965737921e-30
31.26	1.32372062799628e-29
31.28	2.86963240999242e-30
31.3	6.72427125223627e-30
31.32	8.80412616352305e-31
31.34	3.00719511059907e-30
31.36	5.71276384025622e-30
31.38	1.59993113565512e-29
31.4	1.63732471994021e-29
31.42	1.85678473985181e-29
31.44	3.25884429653723e-30
31.46	7.51158411350693e-30
31.48	2.75398818872307e-30
31.5	1.56524299484955e-30
31.52	1.00380372268453e-30
31.54	7.4463235020102e-31
31.56	6.78810098042731e-30
31.58	6.90665430780238e-30
31.6	9.36771448195798e-30
31.62	9.50989224063858e-30
31.64	1.92804401498261e-29
31.66	2.93321023949169e-31
31.68	9.30602945857277e-30
31.7	8.86850422285335e-30
31.72	4.60277496028463e-30
31.74	3.97954704652733e-30
31.76	3.04637314457507e-29
31.78	4.77867580459482e-27
31.8	4.83379788049928e-24
31.82	3.7417805479109e-24
31.84	4.09259057545185e-26
31.86	3.88638973403713e-29
31.88	1.80809239972095e-29
31.9	5.80414549550823e-28
31.92	8.62477434656866e-27
31.94	2.49267182223471e-26
31.96	4.61545967793226e-26
31.98	2.25663954631401e-25
32	2.87121735104331e-24
32.02	9.02085756541338e-23
32.04	3.64159826768147e-21
32.06	1.09909486381568e-19
32.08	1.78040739142441e-18
32.1	7.91352567556655e-18
32.12	1.1650290186142e-18
32.14	9.30981373295137e-18
32.16	7.63144357056363e-16
32.18	2.42604795851746e-17
32.2	2.64518460116116e-24
32.22	2.19097774153761e-31
32.24	4.8130133362051e-30
32.26	5.71814369635215e-30
32.28	2.0760136425552e-30
32.3	1.00450421994321e-29
32.32	1.38459855073498e-29
32.34	5.56033709588372e-30
32.36	2.60274863619021e-29
32.38	1.48922950193763e-30
32.4	2.99008258851275e-29
32.42	1.87809890317082e-30
32.44	8.07260356634135e-32
32.46	5.15993321813422e-31
32.48	1.00210327958251e-31
32.5	3.0020886592e-31
32.52	1.3730784136797e-29
32.54	2.15674477539543e-30
32.56	8.88113226746971e-30
32.58	3.16919096740271e-30
32.6	1.3756840127742e-29
32.62	1.53780670583604e-30
32.64	3.9858706169495e-29
32.66	1.54762653267862e-30
32.68	4.77098460323341e-30
32.7	1.25508974106231e-29
32.72	3.85746770159963e-30
32.74	2.06267977108335e-29
32.76	5.54116287790267e-30
32.78	8.1865521127491e-30
32.8	1.30307245979551e-23
32.82	7.11259308808351e-14
32.84	1.84174370343532e-07
32.86	4.21399937087025e-05
32.88	3.4830413753845e-05
32.9	8.31155898082678e-06
32.92	7.37207647937955e-07
32.94	1.81913038543174e-07
32.96	2.43313787472406e-05
32.98	0.000688041953391831
33	0.00509672796967324
33.02	0.0143321695215382
33.04	0.0171493496766602
33.06	0.00595009211610213
33.08	0.000268033769157855
33.1	1.07816595131799e-05
33.12	6.11310080927183e-06
33.14	2.43694445414049e-08
33.16	3.26477777959957e-15
33.18	2.02160989247419e-30
33.2	2.38157973990474e-30
33.22	1.34987461741231e-29
33.24	6.41479653267858e-31
33.26	8.70120063880058e-30
33.28	8.62239590782644e-30
33.3	5.33107974094758e-31
33.32	5.40668564872773e-30
33.34	7.15046300329908e-30
33.36	7.46172352086389e-31
33.38	1.24065985996329e-29
33.4	9.87006374893771e-32
33.42	3.64069555768238e-30
33.44	5.04839021937305e-30
33.46	1.48831163511019e-29
33.48	4.39910239044991e-30
33.5	2.84391957338267e-30
33.52	8.82436057612481e-30
33.54	1.70762040568573e-30
33.56	3.52711483249813e-30
33.58	1.13229062478775e-29
33.6	2.18563042918175e-29
33.62	1.87247392826319e-29
33.64	4.9785195926868e-30
33.66	8.96701068095087e-31
33.68	5.99585039315209e-30
33.7	6.87668971765457e-31
33.72	1.47581863181346e-29
33.74	7.36747064395875e-30
33.76	1.87951987563927e-29
33.78	2.248713241758e-29
33.8	9.9263721029451e-24
33.82	4.47197819311994e-14
33.84	1.04428289293562e-08
33.86	4.57104208933131e-07
33.88	2.39474945064302e-07
33.9	1.96670062623916e-08
33.92	1.1756820252808e-09
33.94	1.16655827582926e-10
33.96	2.59097350552987e-11
33.98	1.3237778196882e-11
34	1.49153137464782e-11
34.02	3.61620470252256e-11
34.04	1.87004982995426e-10
34.06	1.92881812661917e-09
34.08	2.9915935585928e-08
34.1	3.26702805805286e-07
34.12	5.00518535114862e-07
34.14	5.45749735905584e-09
34.16	3.15884058028022e-15
34.18	7.19658463592758e-26
34.2	1.79054439213243e-29
34.22	1.03057403347116e-29
34.24	4.55811870286335e-31
34.26	7.82406172036922e-30
34.28	9.15164444705809e-30
34.3	1.76349868988852e-30
34.32	6.21976958626751e-31
34.34	1.00920200212491e-29
34.36	8.0214320794503e-30
34.38	1.12397738171921e-29
34.4	2.38376336375711e-29
34.42	5.49762991564485e-30
34.44	4.77619038312654e-29
34.46	1.22741959279557e-29
34.48	6.31840145399104e-30
34.5	1.57623699363949e-30
34.52	6.04006716313607e-31
34.54	1.50740162262095e-30
34.56	3.50920620484087e-30
34.58	2.02570277229432e-29
34.6	1.83411463676519e-29
34.62	4.13944360319362e-30
34.64	2.85807449069429e-30
34.66	9.59811801141886e-30
34.68	4.35796117781849e-29
34.7	3.31474777873102e-31
34.72	1.64249705627641e-29
34.74	2.5534368433786e-30
34.76	1.1373191422706e-29
34.78	2.45162149489104e-24
34.8	2.00517199634749e-19
34.82	3.66479875350139e-18
34.84	3.36806958988569e-19
34.86	2.12465813293607e-21
34.88	8.09147627107396e-23
34.9	2.05642765086567e-20
34.92	3.32476073336377e-19
34.94	1.07306014277646e-18
34.96	1.68144732477009e-18
34.98	2.21083042960766e-18
35	7.85130741853153e-18
35.02	7.02788927746826e-17
35.04	3.74010895181752e-16
35.06	1.27142915345538e-14
35.08	2.21294475145253e-13
35.1	3.5327451088296e-13
35.12	5.23979801960655e-14
35.14	6.03662705451319e-14
35.16	1.16075455624188e-13
35.18	4.98078869015487e-18
35.2	3.16082256768931e-26
35.22	6.01869532321872e-31
35.24	5.57851142398879e-30
35.26	9.53550272431265e-30
35.28	4.20499045135637e-30
35.3	1.54473080351123e-31
35.32	5.84838381303672e-30
35.34	1.31025096869282e-29
35.36	9.83554913450483e-32
35.38	2.84714663476626e-29
35.4	4.27849065338514e-30
35.42	9.17149851011604e-31
35.44	1.90438018805348e-29
35.46	5.59714538104481e-31
35.48	2.84868293598381e-30
35.5	5.04355147959633e-31
35.52	1.01927492220783e-29
35.54	2.41601790328176e-29
35.56	9.31510739724225e-30
35.58	3.53950089835913e-31
35.6	2.37052641217827e-29
35.62	7.76670243891454e-30
35.64	1.3299615400695e-30
35.66	1.12596682468963e-29
35.68	4.03739598906837e-29
35.7	1.14656026970636e-29
35.72	1.55494977620429e-29
35.74	2.55970787122195e-30
35.76	3.70103379680005e-29
35.78	5.28037917934522e-30
35.8	9.56301309999825e-24
35.82	3.95490269978346e-14
35.84	6.19055738110475e-08
35.86	1.0491114424483e-05
35.88	1.08779611610293e-05
35.9	2.06295485802622e-06
35.92	0.000132460985873605
35.94	0.0176372212657549
35.96	0.182946717934483
35.98	0.371454026192076
36	0.368234043543169
36.02	0.251967287117695
36.04	0.122758087073462
36.06	0.0428476197649935
36.08	0.00556143237416181
36.1	4.27780806121872e-05
36.12	1.84740601820361e-06
36.14	7.86527789015031e-09
36.16	1.129531683612e-15
36.18	1.50246959822728e-29
36.2	1.49797391884737e-30
36.22	1.80238330650132e-30
36.24	3.45463303305524e-29
36.26	6.51504291204117e-30
36.28	6.48354009161229e-30
36.3	2.45451941500878e-30
36.32	1.70746697744877e-30
36.34	5.16149845925231e-30
36.36	6.47840355040455e-31
36.38	5.13875855608789e-30
36.4	3.83168353936654e-30
36.42	9.5280356077568e-30
36.44	4.50757591776774e-30
36.46	1.11409280164125e-29
36.48	3.99384163388194e-31
36.5	5.75865805769144e-31
36.52	2.71897692088092e-30
36.54	5.33125947435002e-30
36.56	6.4046463112624e-30
36.58	2.34134085835343e-29
36.6	1.55869538196873e-29
36.62	1.17572881094948e-29
36.64	9.06168076342187e-30
36.66	2.26945057103128e-30
36.68	1.74513519424424e-29
36.7	7.71356631325532e-30
36.72	3.25186208349056e-30
36.74	1.70432129896477e-30
36.76	1.43770335830312e-30
36.78	1.22233412622516e-29
36.8	5.696571916099e-23
36.82	2.08964580793765e-14
36.84	5.60236344836822e-09
36.86	4.4076377160058e-07
36.88	3.16457501349462e-07
36.9	3.03683193422405e-08
36.92	1.93073397205335e-09
36.94	1.9307427654744e-10
36.96	4.2033457118838e-11
36.98	2.07429363919676e-11
37	2.2339129803171e-11
37.02	5.11843456295197e-11
37.04	2.46275776615998e-10
37.06	2.31062623842197e-09
37.08	3.15612539008301e-08
37.1	2.90336372322457e-07
37.12	3.54997418016529e-07
37.14	3.02223858855535e-09
37.16	1.77740406557114e-15
37.18	2.33101211227739e-26
37.2	1.21628700248553e-29
37.22	9.90500486206424e-31
37.24	3.82413541533523e-30
37.26	9.57250202592004e-30
37.28	4.22194370885439e-29
37.3	1.13384686136754e-30
37.32	5.4278747196322e-30
37.34	2.2755724409405e-29
37.36	2.98630767041769e-29
37.38	1.50985186949549e-29
37.4	4.45698555393278e-30
37.42	5.7659095342038e-30
37.44	7.92454507187631e-29
37.46	5.6173829038747e-30
37.48	3.33486700531246e-30
37.5	3.56199656068681e-30
37.52	9.67116933361274e-30
37.54	8.23920479629649e-31
37.56	7.53423357602603e-30
37.58	4.94016631823677e-30
37.6	1.80770730704699e-29
37.62	6.62354190215743e-30
37.64	9.08408619300606e-31
37.66	8.08242459457823e-31
37.68	2.02275675918296e-29
37.7	4.46091979174718e-29
37.72	9.00649008175799e-31
37.74	2.81187024866872e-29
37.76	9.3392757558369e-30
37.78	3.80917506173101e-24
37.8	1.81190038245897e-17
37.82	9.34160351607749e-15
37.84	6.59696731713749e-15
37.86	1.50967967677414e-16
37.88	2.45255951983071e-15
37.9	1.07398907929395e-14
37.92	4.67173066107295e-14
37.94	9.70147385797003e-14
37.96	1.20450079277e-13
37.98	1.49460271282379e-13
38	2.26708991814306e-13
38.02	6.54410217752362e-13
38.04	5.17039737372814e-12
38.06	1.22486694418406e-11
38.08	1.12228936520083e-10
38.1	9.41530460198501e-10
38.12	7.2477789531104e-11
38.14	1.11769967226277e-11
38.16	2.22088585916031e-12
38.18	8.11544073187425e-18
38.2	3.20307978020667e-29
38.22	2.51922020366513e-29
38.24	3.42967597501232e-29
38.26	1.0459641829704e-29
38.28	7.44917590597985e-30
38.3	4.9846051366285e-30
38.32	1.36006384408338e-30
38.34	1.14646345947179e-29
38.36	1.76740494964876e-30
38.38	2.08779025627361e-29
38.4	1.34946323404924e-29
38.42	2.37708548266087e-29
38.44	3.13991334270688e-30
38.46	1.09802322176806e-29
38.48	2.07153952158395e-30
38.5	1.05724717709043e-30
38.52	8.93151160892733e-31
38.54	3.85344549713506e-30
38.56	1.00552878667002e-29
38.58	5.52039370559731e-30
38.6	3.00892788558412e-30
38.62	9.56482502728662e-30
38.64	3.09973319350631e-29
38.66	1.33568954120948e-30
38.68	7.38257202504214e-30
38.7	2.66448447411159e-29
38.72	5.81899648182832e-30
38.74	4.7178806667299e-29
38.76	6.43062024155017e-30
38.78	4.32422097683409e-30
38.8	4.01664426121431e-24
38.82	1.51688977806207e-14
38.84	2.05233790341399e-08
38.86	3.17221585595041e-06
38.88	7.83116490048949e-06
38.9	0.000254122521794293
38.92	0.0341464382749819
38.94	0.151423892975667
38.96	0.0968190524546507
38.98	0.0436600432660765
39	0.031989151276572
39.02	0.0365653932688636
39.04	0.0354930313980149
39.06	0.0137272823665647
39.08	0.000645852039118355
39.1	0.000305098744659833
39.12	1.90880247338251e-06
39.14	3.64925197238729e-09
39.16	3.88891476497642e-16
39.18	8.1330359781777e-30
39.2	7.96195469801732e-31
39.22	3.79963840376707e-29
39.24	9.05276564560223e-30
39.26	5.84407046525701e-30
39.28	1.27089316664417e-30
39.3	4.13386523907802e-29
39.32	8.30437886042218e-31
39.34	4.51126711476334e-30
39.36	6.8704123482318e-30
39.38	7.1104468373739e-30
39.4	1.59278320716426e-29
39.42	2.45652811833565e-31
39.44	5.3460629520494e-31
39.46	8.38371558454663e-31
39.48	2.25389614050395e-31
39.5	3.27343346253669e-31
39.52	1.98620002735263e-29
39.54	5.6101374175031e-30
39.56	1.04295351207528e-29
39.58	3.70345355025292e-30
39.6	3.47560968706702e-30
39.62	6.37637600682759e-30
39.64	4.46050049682714e-30
39.66	8.30569913607412e-30
39.68	2.29364999730065e-29
39.7	4.69832886646007e-30
39.72	1.1664855670009e-29
39.74	1.5139786310622e-29
39.76	3.75009945983486e-30
39.78	7.32669530217323e-30
39.8	2.11474984922932e-23
39.82	1.48164709487183e-14
39.84	4.16825800045411e-09
39.86	3.8424343048374e-07
39.88	3.08289867334671e-07
39.9	3.13095308897152e-08
39.92	2.02981334442902e-09
39.94	2.02442153488997e-10
39.96	4.34682245655274e-11
39.98	2.10383833954189e-11
40	2.2129389940987e-11
